
91 94 141 114 106 121 106 110 112 158 93 98 90 98 59 96 156 107 123 96 185 206 201 199 195 196 200 216 223 231 242 242 243 241 239 237 233 230 224 218 212 207 206 195 197 192 181 180 178 180 179 180 178 179 179 179 178 177 177 178 180 179 179 179 180 180 179 179 177 179 179 179 179 180 180 180 180 179 179 180 179 179 181 179 181 182 181 180 181 178 178 177 
101 97 141 150 116 106 98 113 116 116 135 131 106 143 97 93 179 177 82 87 70 99 198 196 194 196 210 234 245 250 250 251 249 248 245 242 239 235 229 226 215 211 208 198 195 193 185 180 178 180 180 180 179 180 179 178 178 177 178 178 178 180 180 180 178 179 179 179 178 180 176 179 181 179 179 180 179 180 178 178 179 181 180 180 181 181 182 181 181 180 181 180 
88 102 139 137 153 112 102 107 143 154 132 136 106 158 88 177 196 101 66 154 94 89 193 192 198 205 220 246 250 253 253 254 253 249 247 245 239 236 231 228 219 211 208 199 198 192 182 181 181 179 181 177 179 178 179 180 179 178 178 179 179 180 180 178 180 180 180 181 182 181 178 180 180 179 181 178 183 180 177 178 179 182 181 181 181 182 183 181 181 180 179 179 
98 129 139 132 150 106 103 108 136 136 81 112 130 105 115 193 191 155 101 125 123 154 183 190 216 231 242 254 254 254 255 253 253 252 251 251 244 241 234 230 220 214 210 201 197 194 185 181 180 181 182 180 181 181 180 180 179 180 178 180 181 180 180 180 179 181 180 179 181 180 180 181 179 180 180 177 181 181 179 178 178 181 180 180 181 181 181 181 181 181 182 181 
96 143 141 130 147 108 103 109 121 104 106 110 190 216 193 192 189 202 171 136 116 127 184 203 232 242 253 251 254 255 253 253 253 254 253 251 245 241 236 233 223 215 211 201 198 192 184 181 181 181 180 181 181 180 180 180 181 178 181 180 182 180 180 180 179 178 180 178 181 181 182 180 182 180 181 181 182 181 181 178 180 182 181 181 183 180 181 181 181 181 182 180 
93 156 140 131 170 103 100 107 95 84 71 113 222 220 192 192 194 203 209 210 179 192 206 222 243 251 251 253 255 253 253 253 252 251 254 252 248 243 238 233 225 218 212 202 199 193 184 183 182 179 183 181 181 181 180 181 181 180 182 180 178 180 181 179 178 179 180 179 180 181 181 180 180 181 182 179 182 181 180 179 179 181 182 180 181 182 183 181 181 179 178 182 
121 138 142 137 159 106 106 118 113 67 98 191 234 224 210 203 207 212 212 220 229 238 244 252 253 251 253 254 253 254 252 250 251 251 253 254 251 248 242 236 229 222 217 203 199 195 185 184 182 182 182 181 182 180 182 179 181 179 181 180 180 181 179 181 180 179 183 181 182 180 181 181 181 180 181 179 182 181 182 179 181 181 183 182 183 182 181 181 180 180 181 182 
144 137 128 155 156 101 108 131 102 71 122 227 236 228 211 209 215 215 219 226 235 243 252 253 253 253 255 253 255 254 252 250 252 253 255 253 253 250 244 238 230 222 218 204 200 194 185 182 181 183 182 182 181 182 179 178 181 181 181 180 183 182 181 180 180 182 181 179 183 181 181 180 181 182 180 179 181 182 182 182 183 182 182 183 183 183 181 182 181 181 180 181 
146 129 151 175 136 111 114 165 70 86 125 239 235 231 214 216 222 223 228 238 244 253 253 252 253 253 253 253 253 253 252 252 250 249 252 253 254 254 248 242 235 227 220 209 205 191 189 184 182 174 164 181 182 187 182 180 183 182 182 181 183 182 182 181 182 181 184 181 182 182 182 180 181 181 181 181 181 182 181 181 182 182 182 181 184 182 182 183 183 181 181 182 
141 130 167 176 129 160 128 167 58 110 128 243 238 231 217 225 225 224 235 241 249 253 253 254 252 252 253 253 253 253 252 253 251 253 255 254 251 253 252 246 236 230 217 183 194 182 162 160 188 127 97 115 153 186 182 180 180 182 182 182 182 180 183 183 181 181 180 181 182 180 181 182 180 183 181 179 180 182 181 181 182 182 181 180 180 181 180 181 183 182 182 180 
136 140 164 153 127 146 168 168 93 107 156 248 242 232 218 229 228 233 242 249 253 254 254 254 252 250 252 253 255 253 253 253 255 253 255 253 254 254 235 195 48 27 26 34 38 40 30 38 33 29 25 31 40 58 63 86 115 147 167 182 180 186 181 184 182 182 182 183 181 182 182 181 182 181 182 180 182 179 183 182 183 180 181 181 181 181 182 182 183 181 183 182 
145 145 179 142 128 153 181 191 104 109 234 250 241 235 222 233 229 237 246 252 252 254 254 255 252 252 250 251 253 255 253 253 254 254 254 254 252 254 219 78 55 48 41 35 37 38 34 34 29 36 38 32 36 38 47 45 45 34 45 132 180 169 180 184 181 182 181 181 184 181 183 181 182 182 180 182 182 180 182 181 183 179 181 181 181 180 182 181 183 181 180 182 
160 140 191 137 134 166 170 174 81 125 251 248 243 233 235 236 236 244 253 252 254 254 254 255 254 252 255 255 255 255 254 254 254 158 180 231 116 50 35 53 35 37 35 25 27 30 28 28 28 26 26 29 33 27 34 30 43 43 47 34 57 49 151 150 178 178 184 179 184 182 181 182 183 182 184 181 181 184 183 183 184 181 182 182 181 181 182 184 182 182 182 181 
120 160 185 132 124 181 157 160 78 190 252 251 244 237 238 239 239 246 253 253 254 255 253 254 254 254 252 255 254 254 228 176 189 104 98 86 67 41 37 32 36 35 33 33 35 26 29 26 25 30 24 22 30 28 26 28 29 37 32 32 40 34 58 122 144 179 182 179 181 181 182 185 184 181 185 182 186 182 184 184 183 182 179 179 181 182 184 182 182 181 183 182 
109 136 158 139 123 190 160 147 88 243 252 250 245 237 241 240 241 248 253 254 255 255 254 254 254 253 255 253 254 254 105 67 66 73 118 94 54 49 38 30 38 36 32 30 31 29 25 23 24 25 24 21 25 26 24 27 29 36 30 37 33 31 44 64 104 164 181 177 180 181 184 181 182 181 184 181 186 186 184 184 182 182 182 181 182 180 180 182 184 183 181 181 
115 137 154 127 131 165 182 143 183 249 252 250 247 237 243 244 246 252 253 253 255 253 253 253 253 253 254 240 91 70 47 46 56 41 46 42 43 37 33 30 33 30 24 24 25 25 23 24 23 20 18 21 21 21 21 22 41 29 31 21 28 24 39 36 34 76 133 154 178 182 177 182 183 182 184 184 186 184 185 186 182 181 183 183 185 185 183 183 182 184 183 183 
120 139 146 131 136 153 178 122 184 250 252 250 245 234 246 246 248 253 254 251 253 255 252 254 254 254 254 107 78 68 46 47 50 51 35 34 38 38 37 45 25 31 24 20 27 22 21 19 20 18 17 20 18 19 21 19 29 26 33 19 25 24 38 55 31 53 58 64 149 185 182 186 182 183 188 187 184 184 184 184 183 182 184 182 183 183 183 185 183 182 183 180 
111 165 139 130 159 173 159 80 154 251 253 252 245 240 247 248 252 253 254 253 255 253 254 252 255 247 100 61 66 65 39 39 34 35 31 34 27 27 27 29 25 29 27 18 23 19 20 18 19 19 18 15 18 17 21 19 21 29 29 18 21 20 28 34 37 37 37 35 35 65 117 180 180 181 184 187 185 185 186 184 184 185 186 184 185 184 184 184 185 185 183 185 
126 177 141 143 164 193 138 83 145 252 253 250 245 240 250 250 250 253 254 254 255 255 252 255 254 121 73 55 55 54 36 38 35 31 31 34 26 24 29 31 30 24 28 21 23 19 21 20 19 19 15 15 18 20 21 15 25 24 29 19 23 19 26 37 32 35 36 30 45 34 44 166 174 183 185 189 186 185 184 188 185 185 184 184 184 184 184 185 186 183 184 183 
144 181 153 148 190 180 88 135 207 252 253 252 247 249 251 253 253 254 254 254 255 253 255 253 247 102 87 48 45 40 30 30 28 27 28 25 24 28 24 28 24 26 25 23 21 18 21 20 17 15 16 17 18 17 15 13 20 23 20 19 18 24 26 24 23 25 22 26 51 48 30 39 52 145 162 186 184 187 187 186 186 185 183 186 183 185 183 186 184 185 183 182 
151 176 162 156 196 175 92 165 230 252 252 252 246 251 252 252 253 254 254 254 254 255 255 254 248 100 61 45 45 35 36 30 27 28 26 24 25 23 29 28 25 26 25 21 19 21 21 19 19 19 21 15 18 20 14 15 23 20 18 20 20 22 26 24 21 16 26 33 40 48 46 29 39 47 62 180 187 181 187 189 187 184 186 183 185 186 186 185 185 183 184 182 
189 162 125 169 173 161 108 148 249 253 253 252 248 252 253 254 254 253 254 254 254 254 222 254 92 53 60 39 39 38 32 23 28 32 31 23 24 24 26 29 25 24 24 23 21 21 23 19 19 18 18 16 15 13 17 18 19 16 15 19 23 21 21 31 25 24 23 19 22 23 26 26 22 49 77 63 44 177 189 186 185 184 185 181 186 186 184 186 186 185 184 184 
189 151 128 160 186 133 134 115 249 253 252 252 249 252 253 254 254 254 255 255 254 252 222 94 54 57 62 44 37 32 26 28 29 30 20 23 25 25 26 28 28 25 25 21 23 23 21 15 27 23 21 16 15 16 19 15 14 13 13 25 25 25 20 25 22 16 17 19 20 28 27 35 22 30 76 113 40 99 184 191 184 185 185 184 185 186 186 185 184 183 184 182 
188 129 154 171 128 113 158 109 250 254 253 252 251 251 254 254 254 252 255 253 254 195 88 66 144 51 52 39 36 31 32 33 30 20 22 27 28 27 29 25 28 26 24 25 24 21 21 21 22 20 21 20 17 17 17 18 13 17 19 17 17 16 19 22 20 19 21 26 21 32 27 17 16 31 72 121 40 51 187 189 185 186 186 186 185 185 187 185 186 184 184 184 
170 111 173 159 152 115 185 104 251 254 253 249 254 254 255 255 252 252 255 254 254 150 103 52 41 37 43 45 35 26 32 26 27 21 25 22 24 25 25 24 25 25 21 20 21 21 16 15 17 21 21 23 23 19 19 19 19 17 14 15 17 16 17 22 31 20 28 21 23 30 17 19 24 24 30 110 64 39 143 192 187 184 185 184 187 184 186 186 185 183 186 186 
157 117 177 158 177 141 149 102 251 253 253 249 255 255 255 255 251 254 255 254 254 120 58 41 46 37 37 42 37 27 24 22 19 22 25 21 25 24 25 23 19 20 20 21 23 21 16 16 18 22 26 27 22 22 19 17 19 16 17 15 18 15 18 30 18 20 20 20 26 29 22 24 22 23 28 59 47 66 95 192 186 185 184 184 185 185 184 184 185 185 186 185 
124 120 170 160 162 177 106 101 251 253 255 250 255 255 255 255 253 255 255 254 254 73 61 47 45 38 45 34 33 26 23 21 22 25 27 28 28 25 25 27 28 31 31 30 32 38 37 32 37 25 27 25 25 19 19 17 21 21 21 23 23 19 18 17 19 25 20 23 24 24 22 24 53 27 27 36 38 44 87 181 185 186 187 183 189 187 187 187 187 186 188 186 
129 122 164 170 149 177 105 100 251 255 253 253 253 255 255 253 255 255 255 254 254 59 50 58 42 44 41 32 33 25 22 24 25 27 31 27 29 28 33 39 44 46 46 50 46 46 47 50 42 44 34 33 29 31 22 23 21 22 30 25 23 22 15 18 21 24 28 18 18 24 17 33 34 41 37 32 38 44 87 172 186 187 188 188 187 187 186 186 186 187 185 186 
137 119 170 182 141 142 112 114 251 253 255 252 254 255 255 254 255 253 254 254 202 52 43 51 44 43 37 33 33 29 25 32 34 34 43 47 56 46 54 60 70 69 68 77 87 87 93 92 81 81 75 64 53 50 39 50 48 57 66 58 55 51 28 19 20 23 27 26 19 21 25 31 30 30 45 39 28 34 65 160 186 189 188 187 188 188 187 187 188 184 186 184 
135 123 179 168 123 132 111 118 250 253 255 253 254 255 255 253 255 253 254 253 128 48 52 43 43 45 38 32 31 25 35 35 42 35 53 52 57 64 67 73 85 94 91 95 99 100 104 102 99 93 96 83 79 70 66 65 66 73 67 71 75 59 43 28 27 20 25 25 33 29 22 22 24 24 36 39 37 39 129 170 189 186 188 186 188 186 188 186 186 185 183 187 
150 129 189 157 90 139 105 132 250 253 254 252 255 252 253 255 253 255 254 164 62 38 46 40 46 44 42 28 30 34 54 62 67 61 65 67 88 93 105 112 110 116 114 114 116 116 117 116 117 116 115 116 110 106 102 101 102 100 105 100 96 90 86 64 37 26 22 19 22 26 20 18 23 26 30 57 48 21 156 186 187 187 188 185 189 186 187 186 185 184 185 186 
151 139 197 150 112 137 112 154 251 253 254 253 255 252 255 253 252 254 254 90 58 46 48 47 45 38 33 31 35 43 75 81 75 76 77 75 113 118 119 119 120 118 115 119 119 120 118 119 121 119 119 117 118 114 109 110 110 111 112 110 111 106 93 85 63 23 27 22 16 16 16 25 16 15 20 29 24 29 162 188 179 188 188 187 187 187 188 186 187 187 186 186 
150 185 191 117 178 116 117 212 251 254 252 253 255 255 255 255 255 253 241 71 59 45 41 46 43 38 35 44 55 78 97 96 101 105 108 112 123 122 123 121 119 119 118 119 119 119 120 118 119 119 119 119 118 117 117 115 115 113 114 112 114 116 116 117 114 93 66 58 32 22 16 22 19 22 31 37 35 30 85 176 186 187 189 188 190 188 189 189 187 188 187 186 
149 178 182 97 183 105 115 234 252 254 253 252 255 253 255 255 255 253 246 86 58 43 53 45 32 37 37 46 70 96 103 106 101 111 112 115 120 121 121 117 117 120 121 119 122 122 123 123 121 120 120 117 118 117 117 117 116 114 114 112 115 115 121 123 123 113 108 88 31 27 22 19 25 18 26 45 35 35 66 150 189 188 189 188 189 190 188 188 188 186 188 187 
179 166 184 101 172 113 123 246 252 253 253 253 255 255 255 255 254 253 254 101 60 54 49 59 30 36 39 58 86 94 109 109 108 110 116 116 121 120 120 119 120 121 123 121 125 122 122 122 121 120 121 121 119 119 118 116 115 113 113 111 114 115 125 129 130 121 116 105 42 32 21 17 32 14 26 47 43 30 36 150 189 188 189 190 188 189 189 188 187 188 188 189 
183 204 155 170 170 109 133 248 253 254 253 255 255 255 255 255 255 254 254 233 73 46 47 46 40 52 59 100 103 108 107 111 110 112 113 117 120 118 123 119 119 122 121 124 121 123 119 122 121 123 122 121 122 120 121 118 118 115 112 115 114 118 126 128 133 127 123 121 89 41 24 15 19 28 30 30 25 34 70 169 187 189 188 189 192 189 189 191 189 189 189 189 
180 176 128 190 174 116 144 249 253 253 254 254 254 254 255 255 255 255 254 252 87 53 47 46 48 46 69 107 106 109 110 109 109 115 114 117 117 119 120 121 121 119 123 118 121 123 121 121 123 119 123 122 122 121 120 120 120 117 117 115 116 119 126 133 134 124 125 120 104 62 30 14 25 23 27 25 28 37 143 178 190 188 190 187 189 190 190 189 189 188 189 186 
175 168 114 191 166 120 183 251 254 253 254 251 254 254 255 255 255 253 254 240 98 56 47 42 53 67 89 104 111 107 113 110 110 111 116 115 119 119 120 122 124 124 127 122 126 121 119 123 121 122 125 120 124 121 122 120 118 118 121 119 120 117 125 126 129 130 128 124 112 94 63 28 25 23 29 32 37 40 195 193 190 191 189 190 190 190 190 190 191 188 189 187 
158 181 156 190 153 130 219 252 254 254 254 253 255 255 255 255 254 254 254 247 102 58 54 51 52 72 100 106 110 106 105 104 106 112 114 114 119 122 121 123 125 124 126 124 126 122 121 120 121 121 124 122 124 123 123 121 119 118 120 120 121 121 126 128 125 128 126 125 116 100 85 29 20 23 26 31 40 41 197 194 192 189 192 191 190 190 191 191 190 189 190 188 
160 179 163 203 160 131 249 253 255 254 254 253 255 255 255 253 253 254 254 247 101 60 45 52 90 101 105 104 103 103 103 104 113 111 115 118 124 126 125 126 126 124 126 126 126 126 122 123 122 123 123 123 122 121 120 121 121 119 119 122 126 127 131 129 127 124 126 124 120 120 108 35 28 28 28 32 48 41 190 197 191 189 191 190 190 191 191 190 190 190 190 190 
175 189 162 158 131 177 251 254 254 253 253 253 253 253 253 253 252 253 254 252 108 62 59 51 101 105 108 104 97 97 104 107 108 113 117 117 124 123 126 126 123 124 125 124 124 124 123 123 125 125 122 124 119 122 120 119 121 119 120 125 130 132 132 131 131 123 120 118 117 122 112 51 31 28 31 29 46 50 188 197 192 191 191 189 192 192 191 190 190 190 190 190 
154 175 154 144 111 184 252 254 253 254 253 253 253 255 253 253 252 255 254 253 149 72 67 76 110 112 105 102 99 99 97 98 100 107 111 106 108 110 114 117 112 113 116 119 120 119 122 120 121 118 117 117 116 115 114 113 111 112 113 110 111 111 110 112 111 111 112 110 114 116 120 99 61 27 27 48 39 108 194 197 193 193 193 193 193 192 190 192 189 188 191 190 
147 153 169 134 112 209 252 254 254 253 253 251 253 253 253 253 252 253 254 252 193 76 73 92 108 108 105 85 80 81 89 96 95 94 88 89 99 94 99 96 108 108 105 111 115 116 118 119 117 115 113 114 113 110 109 107 104 102 104 100 95 94 95 103 105 99 101 98 116 119 116 104 62 39 28 42 42 159 196 195 192 192 193 191 192 193 190 190 189 191 189 190 
168 118 158 134 108 238 252 254 252 254 252 251 253 252 254 253 253 255 254 254 247 89 77 113 112 105 101 66 68 68 71 69 70 61 65 63 59 71 79 77 93 106 100 94 109 113 115 114 111 111 112 112 106 103 99 98 100 95 92 75 81 79 73 71 72 76 73 79 81 114 118 111 83 44 28 27 47 181 198 194 192 192 192 194 195 192 194 191 190 189 191 191 
170 101 135 134 113 249 253 254 254 252 255 255 255 255 253 253 253 253 255 254 253 107 84 125 104 75 73 53 45 48 41 38 38 37 37 39 38 41 40 44 57 62 75 92 95 98 103 106 107 104 107 101 91 90 83 73 57 51 48 37 35 29 36 37 34 36 43 42 36 37 42 113 106 79 24 38 155 193 199 198 197 194 195 193 192 193 192 192 190 191 193 191 
137 111 150 127 114 249 252 254 253 253 253 253 253 253 253 253 253 253 255 254 253 113 107 133 87 70 69 51 46 46 42 36 34 33 34 34 36 37 48 41 55 51 63 86 93 92 99 101 104 101 100 95 75 66 53 47 32 32 31 27 25 20 28 29 27 31 35 40 42 40 45 112 115 116 21 51 189 200 198 198 197 194 194 192 194 193 193 191 191 191 190 192 
103 146 158 115 119 249 252 255 253 253 253 253 255 255 253 255 250 252 254 254 254 165 125 138 94 83 80 67 67 72 59 57 49 37 36 43 33 34 36 45 42 50 53 63 81 87 101 106 98 90 87 69 46 42 35 32 26 20 21 17 19 19 17 18 23 27 38 47 54 49 44 72 116 120 35 139 196 198 200 199 198 198 196 196 196 195 194 193 193 192 190 189 
112 136 151 119 124 250 252 255 253 252 252 253 253 253 253 253 249 252 254 254 254 216 144 139 111 97 84 89 94 86 78 77 74 61 61 56 45 45 44 50 47 45 58 73 80 91 106 106 94 87 85 69 49 44 31 27 24 19 21 23 34 34 39 40 35 40 54 62 51 58 67 86 109 118 51 170 195 198 200 199 198 197 196 198 196 196 193 196 192 194 193 192 
151 137 130 114 130 250 253 254 253 253 253 253 253 253 253 253 253 255 255 253 254 252 168 142 130 115 116 113 114 106 90 86 84 74 65 61 51 48 41 41 47 59 66 83 93 104 102 103 99 94 90 79 52 49 39 38 35 39 42 47 51 56 58 63 65 72 95 95 85 82 87 94 115 121 80 163 200 201 197 200 198 198 198 195 195 196 196 192 194 192 194 191 
141 142 120 117 146 251 253 253 252 253 253 253 253 253 253 253 252 252 255 253 254 252 172 143 137 133 122 119 111 101 83 84 74 53 45 46 39 40 40 38 33 43 49 88 98 109 112 105 99 104 98 90 61 33 32 30 34 40 38 39 38 43 48 52 62 69 85 88 92 89 87 98 122 125 93 153 194 203 199 200 197 197 197 197 197 195 194 192 192 193 192 192 
140 150 118 123 221 252 253 254 253 251 253 252 253 254 253 253 251 252 253 254 254 143 145 138 136 128 114 71 81 96 83 79 68 47 44 37 37 35 30 27 23 24 29 81 106 114 122 122 116 122 108 91 21 23 18 17 27 28 32 40 38 40 52 67 86 94 63 41 75 85 97 115 122 121 117 81 101 205 198 199 200 198 197 197 195 196 194 194 194 193 192 193 
148 155 117 126 249 253 254 252 253 255 252 253 253 254 253 253 251 252 253 254 253 136 145 137 127 117 102 81 92 89 47 45 30 30 25 21 18 36 35 34 30 26 33 82 109 116 123 122 119 122 112 95 25 23 23 21 26 23 19 13 14 17 13 21 20 55 78 69 62 70 87 117 122 125 121 48 87 205 199 202 199 198 197 196 198 196 194 194 193 193 192 193 
149 140 121 130 249 254 252 253 253 252 254 253 253 254 253 252 254 252 254 254 253 135 145 131 124 106 98 78 64 43 56 114 86 48 23 20 21 62 55 34 28 30 32 92 111 117 122 122 120 122 114 97 30 28 25 15 29 44 22 30 37 11 34 88 70 16 28 41 80 83 94 124 128 125 124 46 83 203 200 202 202 198 197 198 197 198 195 193 194 193 194 193 
193 198 160 185 251 254 254 253 252 252 253 253 253 253 253 253 254 253 254 253 253 128 143 132 117 113 108 95 90 85 67 66 101 35 28 26 59 59 45 36 42 49 42 112 120 117 117 117 120 121 121 117 47 25 27 27 34 45 58 14 14 13 63 103 122 55 85 93 109 111 108 128 131 127 125 47 67 196 201 202 201 198 197 197 198 197 194 193 194 193 194 192 
173 161 136 240 252 254 255 253 253 252 255 253 255 253 253 253 254 253 253 254 253 132 144 130 116 109 104 101 91 95 84 76 73 72 63 60 55 51 49 50 56 59 60 118 118 118 116 118 119 123 124 121 78 34 36 37 41 40 40 22 14 16 66 65 54 92 87 90 87 97 105 124 130 126 123 44 70 201 201 204 201 200 197 197 197 196 197 194 195 193 193 194 
170 160 141 248 252 255 255 253 253 253 255 253 253 253 253 253 253 254 254 253 253 164 146 130 116 113 113 101 98 93 81 78 76 67 63 57 57 55 59 65 63 87 103 116 113 115 117 117 120 124 124 122 113 104 68 52 44 44 45 40 42 41 52 66 71 79 79 78 89 99 101 115 124 128 126 50 110 207 201 205 202 200 198 199 198 197 199 195 195 194 193 192 
166 154 174 249 253 254 253 253 254 254 255 255 255 255 255 255 253 255 254 254 253 175 145 131 124 118 117 110 108 109 92 89 76 71 74 70 74 75 73 72 89 99 110 114 112 118 116 118 121 121 122 119 117 109 104 74 61 54 50 45 48 43 57 57 61 72 83 87 104 105 107 118 124 125 130 55 167 203 203 204 201 199 199 201 198 198 197 196 194 195 194 195 
156 147 228 251 254 254 253 255 254 254 255 255 255 255 255 255 252 254 254 252 253 163 146 136 132 132 130 124 119 119 114 110 104 101 96 93 93 90 87 103 104 109 106 117 123 122 126 127 122 126 125 122 116 116 117 115 98 80 79 75 79 84 87 90 90 99 105 108 110 110 116 124 125 124 124 67 205 206 201 203 202 202 203 200 200 199 196 198 194 196 193 195 
158 140 244 252 254 254 255 253 254 253 255 254 255 253 255 255 254 254 254 253 253 161 150 139 134 133 130 124 124 118 113 110 105 101 100 96 98 99 108 109 113 108 114 118 121 121 128 127 123 123 128 124 116 114 120 122 117 108 98 86 90 84 89 90 96 101 105 107 114 120 121 126 128 122 124 96 196 205 203 203 204 203 201 200 199 199 199 195 197 195 196 193 
168 139 248 253 253 254 253 252 254 254 255 254 255 255 255 255 253 254 254 252 252 156 151 146 136 133 130 125 125 123 111 111 112 113 116 119 118 118 117 118 116 105 112 114 107 121 129 130 123 130 129 126 115 111 117 127 126 123 121 117 112 106 99 99 102 105 104 109 122 124 129 131 131 125 125 76 169 208 205 206 203 202 202 202 200 200 197 196 196 196 195 193 
165 140 249 254 255 253 254 252 254 253 253 254 253 253 254 253 253 253 255 253 252 154 156 146 138 138 132 126 125 123 119 118 119 117 120 118 115 117 118 122 111 100 105 115 112 120 132 130 123 132 131 126 111 105 108 129 127 121 122 117 120 114 105 102 102 104 105 110 122 127 131 133 135 126 126 73 139 206 205 205 203 201 204 201 200 199 198 198 198 195 197 193 
159 139 249 254 255 254 252 254 253 253 253 253 253 253 254 254 253 253 254 253 251 162 157 148 142 136 128 127 128 128 122 121 120 122 121 117 117 118 122 121 109 104 112 117 120 117 130 125 123 134 130 123 109 104 109 117 126 122 121 119 121 118 114 113 112 107 109 106 121 121 124 136 136 128 128 81 132 208 204 205 204 202 201 202 199 199 198 198 197 196 197 193 
146 145 249 254 255 253 254 253 253 252 255 253 255 254 255 255 253 253 254 252 251 169 165 154 144 139 135 137 133 131 130 126 123 123 123 122 122 120 120 114 120 117 117 122 130 126 123 124 123 130 139 135 122 121 121 129 114 118 118 120 121 120 119 118 117 116 115 120 126 126 130 135 133 131 127 97 115 209 203 204 204 202 202 202 200 200 198 198 195 195 196 195 
146 143 249 254 255 254 254 254 252 253 253 255 255 255 255 255 255 253 254 252 251 169 168 153 147 141 139 136 136 133 128 126 126 124 123 122 121 118 117 116 128 126 125 124 127 124 119 119 119 126 141 134 126 129 139 139 106 110 121 118 121 119 119 120 119 121 123 121 131 130 132 137 134 133 126 87 121 209 202 206 204 201 203 200 201 201 198 198 198 196 197 195 
145 154 250 254 255 253 252 253 253 253 253 255 255 255 255 255 254 254 254 252 250 174 168 158 151 144 141 139 134 135 127 128 128 123 122 119 114 115 110 133 120 108 118 120 125 119 103 99 96 107 114 114 100 87 80 96 111 101 105 117 116 118 120 121 122 125 129 129 131 135 133 133 137 132 131 64 173 207 207 206 205 203 202 202 200 200 200 198 197 196 197 196 
146 151 250 254 255 255 253 254 253 253 255 253 255 255 255 253 254 254 254 252 250 173 165 156 150 148 144 136 140 139 129 129 125 124 122 119 116 113 116 120 86 40 27 102 119 112 92 89 86 97 106 101 14 20 44 81 103 100 103 111 114 115 118 122 122 128 128 128 140 136 135 133 135 133 131 66 198 206 207 205 205 203 201 203 199 200 199 197 197 197 195 194 
147 163 250 254 255 255 253 252 254 253 255 255 255 255 255 255 254 254 254 253 251 176 175 157 149 152 144 139 140 137 130 126 123 121 118 113 115 116 114 111 67 66 64 54 73 87 74 70 71 95 95 81 61 61 57 81 101 102 102 108 113 116 118 120 121 128 131 129 139 141 135 135 136 131 130 46 211 208 206 205 204 200 201 200 200 201 198 200 198 198 194 193 
148 184 251 255 255 255 253 254 253 254 255 255 255 255 255 253 254 254 254 254 251 173 170 161 147 150 147 138 138 137 130 129 123 119 118 114 115 117 112 111 76 78 76 84 92 82 84 70 80 89 99 114 99 84 74 75 100 102 103 109 112 113 117 120 118 124 128 131 137 137 133 133 133 134 127 72 210 210 206 206 205 202 200 201 200 201 200 198 199 197 194 193 
177 246 252 255 255 253 254 254 254 254 255 255 255 255 255 255 255 253 255 253 252 172 171 162 151 147 147 139 136 129 132 124 124 117 118 118 121 114 112 110 95 84 79 87 91 91 64 63 72 84 99 97 95 88 96 100 106 102 104 107 108 112 116 119 119 123 127 130 136 129 134 132 133 128 119 115 209 208 207 205 206 202 202 202 202 200 198 198 199 195 197 194 
151 246 252 255 255 254 253 255 254 254 255 253 255 255 255 255 255 255 254 253 252 168 174 161 155 148 145 139 130 128 128 125 124 118 116 115 119 116 106 107 97 89 92 65 66 80 51 60 62 64 79 85 101 98 102 105 105 103 104 109 112 111 117 118 118 121 128 130 136 131 134 131 130 128 124 142 212 209 206 206 205 203 204 203 203 203 201 198 197 196 197 196 
152 248 252 255 255 255 255 253 254 254 255 255 255 255 254 254 254 254 255 254 252 165 166 156 152 151 146 139 136 133 130 129 126 118 113 116 111 111 106 90 98 77 64 44 53 71 53 56 57 52 50 50 69 89 90 102 102 102 107 111 110 114 120 117 117 120 126 127 136 131 130 132 129 126 117 189 212 209 207 207 207 203 203 203 205 202 202 198 198 198 199 195 
172 249 253 255 255 255 255 255 254 254 255 255 255 255 254 254 254 254 255 252 253 216 164 153 146 146 145 139 134 131 126 126 121 108 91 85 70 64 60 64 60 36 37 38 55 66 47 52 53 56 43 32 33 31 33 38 65 61 72 96 89 102 119 117 117 117 121 124 126 126 127 128 122 115 80 207 214 210 207 207 207 206 207 206 203 204 203 200 199 198 198 197 
199 251 254 255 254 255 255 254 254 254 255 254 255 255 255 255 255 253 255 254 254 241 163 160 140 145 143 135 135 133 125 124 119 87 78 71 60 43 52 53 51 38 39 41 68 76 51 48 58 67 61 42 30 32 32 37 44 46 45 68 79 86 120 119 116 116 120 122 124 126 126 124 113 106 75 210 212 211 206 207 207 207 205 204 206 203 202 201 200 197 197 196 
246 252 252 255 254 255 255 254 254 254 255 254 255 255 255 255 253 255 255 255 255 252 166 159 142 136 140 131 134 132 126 127 94 56 52 53 50 48 64 66 70 50 67 87 92 104 100 97 94 98 93 83 47 43 40 36 38 37 29 38 29 33 96 117 121 117 118 118 122 119 117 115 111 93 55 205 211 210 209 208 206 205 206 202 206 205 202 200 200 198 196 195 
253 253 254 253 254 253 253 253 253 253 253 253 253 253 253 253 253 253 254 252 255 253 185 156 142 141 135 134 138 134 124 120 66 51 54 62 57 61 66 82 103 94 75 67 81 81 94 96 77 65 69 63 92 92 72 59 39 36 31 32 30 31 81 122 117 119 119 120 120 117 116 99 98 74 78 212 212 210 209 209 207 207 204 203 206 205 204 200 200 197 196 195 
254 254 254 255 255 253 255 255 255 254 255 255 255 255 255 255 254 255 254 253 255 254 242 147 145 141 139 125 128 131 123 107 82 80 75 69 83 90 90 84 56 58 60 66 73 64 69 72 66 49 55 52 53 47 61 81 80 62 49 48 52 55 50 56 91 117 119 118 115 110 106 108 83 44 181 215 212 211 212 208 208 208 205 204 204 202 202 198 201 198 196 196 
255 255 253 254 255 253 253 253 255 255 255 255 255 255 255 255 255 253 255 253 254 254 253 163 156 143 133 132 132 133 121 114 84 81 75 60 55 68 63 50 46 47 49 57 61 55 71 68 74 46 51 46 41 34 41 54 81 75 55 56 61 61 62 72 78 116 119 117 111 108 106 96 74 62 211 214 211 210 210 210 209 205 207 205 205 202 202 201 199 198 197 193 
255 255 254 254 255 255 255 255 255 255 255 255 255 255 255 255 255 253 255 255 254 254 253 244 146 151 141 124 134 137 118 115 90 78 69 54 58 72 87 98 99 88 101 89 87 92 83 79 81 77 89 77 92 86 82 70 51 18 20 38 51 64 72 82 99 113 113 106 99 90 94 85 47 183 210 217 211 212 213 211 210 206 207 205 203 202 201 201 196 198 197 193 
254 254 255 253 255 255 254 254 255 255 255 255 254 254 255 255 255 255 254 255 255 255 254 252 142 146 146 128 130 126 132 123 101 81 79 70 92 85 96 104 106 104 96 105 102 102 93 105 97 84 94 104 92 89 106 104 94 45 39 39 51 61 85 87 106 114 105 98 97 86 95 37 87 210 216 215 214 212 210 211 211 207 206 205 204 204 202 200 199 199 196 197 
254 254 255 255 255 255 254 254 255 255 255 255 254 254 255 255 253 253 254 254 255 253 254 252 133 137 140 123 127 128 129 122 104 85 89 87 102 102 101 102 102 107 103 105 100 98 98 93 94 89 93 100 105 107 99 95 95 89 79 43 54 65 83 96 110 108 103 97 81 88 80 47 146 215 218 216 214 214 211 211 211 206 205 204 204 202 203 201 202 200 200 194 
253 253 255 254 255 255 255 255 255 255 255 255 255 255 255 255 254 254 254 254 254 253 254 253 181 129 133 129 124 119 110 106 98 89 91 93 103 99 98 99 95 92 92 84 80 80 82 85 82 76 79 74 76 75 81 88 90 92 90 74 65 64 78 92 103 105 101 94 87 82 60 146 217 216 216 217 217 215 212 212 211 207 207 204 204 203 203 203 202 202 199 200 
253 253 254 254 253 253 253 253 253 253 253 255 253 253 253 255 254 254 253 254 253 253 254 252 231 143 121 124 120 120 109 104 92 88 87 97 99 101 94 87 80 89 80 72 70 70 75 71 67 67 66 66 72 69 78 81 86 90 90 77 63 59 69 83 97 99 87 96 82 71 50 202 216 214 218 216 215 216 213 213 209 208 207 206 206 205 204 203 201 203 198 196 
254 254 254 253 253 253 253 253 254 253 253 253 253 254 255 253 255 253 255 253 252 253 254 254 253 250 133 113 112 104 102 104 85 71 70 81 93 95 86 83 66 55 50 24 21 22 27 31 26 36 33 41 48 56 69 70 80 80 82 54 50 59 64 65 83 88 89 80 47 41 89 222 219 218 218 215 216 215 213 213 211 208 210 206 206 203 204 202 200 201 199 200 
253 253 254 254 253 253 253 254 253 252 255 255 254 253 253 255 253 255 253 250 253 253 253 254 254 252 168 104 105 99 94 99 73 67 64 65 85 83 86 74 65 59 37 24 22 19 28 31 31 38 37 35 49 54 58 65 71 71 63 48 48 47 57 74 75 84 73 75 48 33 139 224 220 218 218 215 217 215 215 213 211 210 209 207 208 206 205 201 201 201 200 193 
254 254 254 253 253 253 255 254 253 252 255 253 254 253 254 255 253 253 254 254 255 253 253 254 254 252 251 106 88 83 73 81 74 57 57 54 67 72 71 73 68 56 63 60 64 66 54 49 59 60 58 42 51 51 57 61 46 48 35 30 28 30 39 46 62 65 65 34 62 188 225 224 223 220 222 215 218 216 215 213 213 210 209 209 205 204 205 203 202 201 199 197 
253 254 252 253 253 253 254 254 253 253 253 253 253 253 254 253 253 253 254 254 253 253 252 255 255 254 253 119 88 86 79 66 67 54 52 51 56 69 70 77 77 72 75 77 80 73 62 72 74 71 69 69 58 56 57 57 36 31 32 29 27 31 42 50 46 54 39 34 154 232 226 223 221 220 221 219 218 215 214 213 212 209 209 208 207 203 204 204 202 202 198 198 
253 252 254 253 255 254 254 254 254 254 255 255 255 255 255 255 254 254 255 255 254 253 254 253 254 253 253 124 93 82 70 63 57 48 48 48 56 66 74 63 86 84 85 73 77 58 54 47 54 61 68 73 81 63 53 42 31 23 23 22 22 28 25 34 26 33 28 71 230 230 227 228 223 222 222 218 219 217 216 214 213 210 210 209 209 205 204 204 202 199 200 198 
253 253 254 253 255 253 254 254 254 254 255 255 255 255 255 255 255 255 255 255 254 253 254 254 254 253 252 141 96 85 69 65 54 49 44 46 52 72 68 55 82 76 78 55 53 50 51 37 40 48 73 70 71 65 49 37 24 19 18 19 20 22 25 27 30 32 28 73 232 231 228 228 225 221 224 218 220 218 217 215 213 209 210 209 207 207 206 204 204 202 199 199 
253 254 254 253 253 253 254 254 253 252 253 253 253 254 255 255 255 255 255 253 255 255 254 254 253 232 147 145 116 85 67 58 62 46 45 44 46 55 49 55 53 51 51 46 42 42 45 36 38 39 45 45 45 35 37 44 23 24 24 19 20 18 20 24 24 47 87 108 232 232 230 232 223 225 223 221 217 220 215 215 215 211 210 210 207 208 208 206 204 202 201 201 
253 253 254 252 252 253 253 254 253 253 253 254 255 254 255 253 253 252 254 253 254 253 252 252 199 140 105 139 119 111 61 57 57 43 49 38 48 57 52 48 47 49 49 43 41 39 38 38 34 41 36 38 45 34 34 31 26 22 27 21 20 18 19 30 25 75 102 99 232 235 228 230 225 223 225 217 222 216 217 215 216 210 210 209 208 206 206 203 203 203 201 200 
253 253 252 253 253 253 254 254 255 253 255 254 255 255 255 254 254 253 252 251 252 181 221 191 167 107 104 143 123 109 70 59 57 48 43 42 50 52 47 46 42 38 44 29 44 40 36 36 33 36 39 36 40 30 27 28 23 27 27 16 17 16 22 21 39 94 102 104 239 232 232 232 229 226 222 224 219 222 216 215 213 210 210 209 208 207 208 204 205 201 203 198 
254 254 253 255 254 253 254 254 253 255 254 254 254 254 254 253 252 202 184 177 134 158 153 136 93 81 133 129 122 114 99 88 58 46 45 39 44 46 45 36 32 33 34 30 31 29 36 33 25 25 25 22 24 24 22 23 23 22 24 18 17 19 31 65 94 93 109 110 34 93 120 182 219 229 227 221 223 219 221 219 215 213 212 209 209 209 209 205 203 205 201 199 
254 254 254 255 254 255 254 254 254 253 254 254 254 253 253 252 184 182 176 142 120 147 143 142 75 81 127 129 126 114 99 93 73 42 40 36 40 38 36 35 28 24 32 28 27 25 22 27 25 25 29 21 21 21 19 24 22 23 20 23 19 17 62 85 83 105 105 113 6 28 120 98 105 135 208 225 221 223 217 218 217 213 212 210 210 210 210 206 204 202 198 197 
253 251 253 253 254 253 253 253 253 252 252 238 223 215 201 195 167 145 165 104 152 129 122 140 78 73 109 122 122 117 101 96 91 86 61 40 36 32 28 29 24 20 23 21 24 20 23 20 22 22 21 18 18 17 19 17 17 16 19 14 44 60 81 91 99 101 104 101 70 14 21 129 73 113 109 132 121 188 219 216 218 213 213 210 210 208 209 207 207 204 201 199 
252 251 252 252 252 252 244 224 198 195 192 189 185 180 180 161 160 143 138 104 152 136 124 122 77 75 105 117 117 113 99 94 95 80 77 65 37 30 32 28 25 22 21 20 18 19 20 19 18 27 17 17 22 19 20 16 23 19 14 36 76 77 87 92 97 105 104 101 58 47 12 107 117 92 118 114 130 124 150 217 215 213 212 212 212 210 209 209 206 202 199 197 
196 196 184 178 175 172 167 165 162 161 161 163 168 167 159 133 147 152 87 126 138 112 134 111 80 67 99 111 109 108 105 99 98 82 85 80 63 49 37 27 21 20 20 18 20 20 17 17 17 15 16 17 17 19 18 19 23 46 65 75 77 82 94 99 102 103 103 97 42 80 40 51 101 126 80 102 79 112 133 121 131 131 135 152 189 202 203 203 200 204 202 201 
186 186 180 171 169 166 164 163 160 158 161 167 165 165 138 130 147 148 90 140 131 112 128 97 83 79 89 106 106 106 103 100 101 90 86 77 70 57 51 50 26 24 23 21 23 20 16 15 15 17 15 18 15 17 21 25 48 61 71 72 81 85 93 100 99 99 100 97 43 77 51 19 90 110 97 117 23 138 132 129 126 121 121 122 124 121 124 134 137 139 134 138 
155 158 162 160 160 157 159 161 158 161 158 157 160 158 122 133 136 100 93 142 132 108 124 91 86 88 68 93 100 98 100 103 97 88 88 88 77 72 73 67 59 51 50 46 39 41 42 38 42 42 46 52 49 57 53 59 62 66 72 81 87 89 95 97 95 99 100 96 58 83 55 21 35 94 112 108 123 18 119 134 106 127 115 118 116 117 120 120 124 120 119 117 
151 149 154 151 152 155 154 156 156 155 157 155 158 154 117 136 136 81 108 134 125 111 123 88 85 85 62 91 95 98 102 98 96 87 93 87 76 74 69 70 63 53 58 59 55 56 56 52 46 51 44 55 53 56 56 60 68 71 77 80 87 92 93 95 92 98 100 93 71 76 56 32 23 69 110 98 120 82 112 136 97 124 118 115 117 116 116 116 116 117 116 118 
144 149 147 151 149 152 152 155 153 156 154 157 158 145 116 139 120 72 127 129 117 121 131 84 88 90 69 91 95 93 105 101 98 91 88 88 81 76 71 68 63 58 56 57 58 55 55 53 50 57 54 55 55 56 64 63 69 75 76 83 85 90 94 96 96 99 99 86 74 76 64 45 20 63 92 89 107 125 136 110 118 109 121 116 112 115 115 115 112 117 113 113 
141 145 144 145 145 147 148 147 151 153 151 151 144 118 125 131 127 74 144 125 119 113 124 87 92 92 87 90 93 94 93 96 95 91 87 82 82 79 72 67 75 66 59 58 57 56 51 54 62 59 60 57 61 59 62 68 69 71 76 84 90 88 93 91 96 92 77 52 69 74 68 55 35 44 90 93 89 104 25 134 113 109 102 129 115 111 115 114 115 112 113 114 
141 135 140 146 146 145 147 148 150 153 153 148 135 109 131 128 135 74 143 121 118 110 126 92 90 92 94 84 97 95 87 95 98 95 96 88 84 81 75 76 68 67 67 58 59 58 56 59 62 59 53 56 57 61 62 66 74 72 77 84 91 92 92 93 95 81 70 47 71 75 76 59 46 41 91 115 85 113 41 100 110 117 112 113 114 115 114 112 110 110 112 114 
141 137 142 143 145 145 144 146 148 149 148 132 118 108 130 118 144 95 135 113 119 110 123 105 87 98 98 76 97 97 91 92 91 90 95 92 94 86 88 82 79 76 70 64 65 60 66 70 66 69 63 66 67 67 70 75 78 81 78 83 89 89 97 92 82 65 61 44 76 80 88 67 60 36 92 122 83 88 87 23 138 131 108 114 123 115 115 112 111 111 110 112 
138 134 141 138 144 143 144 139 144 148 147 123 120 113 124 120 141 108 130 122 115 108 119 104 93 97 97 68 86 94 94 93 92 88 90 94 89 82 81 84 83 76 73 71 71 73 73 75 69 74 67 60 66 69 72 74 79 78 85 87 90 88 84 87 80 72 60 37 81 90 91 69 57 40 76 123 77 89 118 32 96 117 110 105 127 120 113 114 110 109 107 111 
140 140 138 137 142 143 141 138 141 143 139 128 120 112 116 124 121 133 124 123 112 108 118 106 98 100 101 63 83 94 94 95 92 97 89 91 90 93 88 85 87 84 83 81 80 75 73 72 71 73 76 74 73 77 74 84 83 85 90 84 90 85 77 78 74 80 58 33 90 92 90 69 55 36 74 128 99 88 129 38 19 98 115 104 109 119 123 114 113 107 110 105 
133 142 138 142 134 140 139 136 138 138 139 125 117 115 115 124 98 146 125 118 115 112 113 111 96 101 102 73 89 99 99 95 94 93 93 95 87 91 91 84 90 89 84 82 68 71 75 73 72 73 75 75 79 78 76 84 83 86 88 87 89 83 80 78 80 81 61 41 96 96 96 75 59 39 76 129 97 81 120 40 23 91 109 108 96 116 122 117 115 113 110 107 
136 133 134 134 135 141 137 135 136 134 139 113 111 119 104 124 79 130 119 119 116 106 106 113 101 109 107 99 62 104 106 102 103 99 96 95 96 95 94 93 92 91 87 83 84 79 82 83 80 83 83 82 84 86 81 83 86 89 90 86 83 80 86 84 88 82 48 78 104 103 99 78 64 50 59 123 106 79 124 86 38 122 97 121 98 101 118 120 121 119 111 111 
136 133 137 131 134 138 132 132 133 126 128 124 111 120 106 122 65 136 116 114 120 105 108 119 101 111 110 111 60 106 108 107 103 97 98 97 96 96 94 96 90 91 93 86 87 84 85 83 83 85 85 84 84 88 85 86 86 89 88 84 86 82 79 86 87 86 48 92 103 106 100 78 66 50 74 128 96 89 120 103 42 137 109 115 101 103 114 122 119 117 115 112 
131 129 133 135 131 133 137 134 135 133 127 111 98 117 104 140 61 124 116 113 112 107 110 116 100 110 116 107 77 95 108 109 104 105 104 98 101 100 98 98 93 90 93 88 90 85 81 84 85 85 87 87 88 89 87 88 87 86 87 85 87 89 90 90 95 75 39 94 110 107 102 86 66 43 87 131 106 103 125 120 40 145 95 117 110 95 111 121 123 119 116 112 
133 127 127 128 123 134 131 132 130 118 110 115 115 117 108 132 57 119 118 114 112 115 111 113 104 111 113 112 110 73 117 109 110 102 105 104 103 97 99 99 99 97 96 88 95 96 87 92 88 91 90 85 93 95 91 84 89 89 85 87 89 89 92 91 96 65 68 101 113 109 105 80 72 50 79 119 88 80 116 136 33 81 98 99 110 95 96 122 121 122 119 115 
134 126 129 131 128 130 128 130 126 122 111 108 121 115 107 122 65 127 119 117 119 111 111 114 104 112 110 112 112 63 112 110 110 106 106 102 101 102 101 99 98 99 98 94 96 94 89 87 90 93 93 92 96 94 96 90 88 89 89 87 96 96 93 99 101 56 94 106 106 107 109 79 70 50 88 116 87 83 125 138 33 39 109 95 103 94 98 118 122 121 119 118 
123 126 128 125 122 125 130 126 119 113 109 109 114 106 110 85 68 119 119 105 113 118 119 116 95 100 110 113 107 102 110 111 112 107 108 107 105 97 97 97 105 96 100 90 95 92 97 100 96 96 100 95 90 94 92 91 99 92 95 86 99 102 99 106 102 47 96 101 104 113 99 75 62 62 91 113 96 78 119 121 33 17 148 97 118 96 98 108 117 122 122 112 