
181 182 182 181 182 184 182 181 182 183 182 182 185 184 182 181 181 183 183 182 182 182 182 180 181 180 181 181 184 186 184 184 186 186 186 183 187 186 189 188 188 189 191 193 195 195 193 194 191 191 195 196 199 199 200 200 201 199 204 201 203 202 202 202 202 201 197 195 192 191 190 193 192 189 189 189 194 194 192 192 195 196 195 195 194 194 195 195 200 197 129 110 
181 183 181 183 183 185 183 185 185 185 183 183 183 184 184 183 182 183 183 181 182 182 182 184 180 180 179 181 180 182 184 184 182 182 184 184 183 185 184 186 188 188 188 192 192 193 192 191 193 192 195 196 198 197 199 200 200 200 202 202 202 204 201 201 202 199 194 195 193 192 191 194 189 189 190 191 194 192 192 193 194 193 196 195 196 196 197 195 197 196 100 126 
183 183 183 184 185 184 185 186 186 185 183 184 183 183 184 186 184 183 184 183 184 182 184 183 181 182 182 182 182 183 184 183 182 182 183 182 184 184 182 182 186 188 188 189 192 194 194 192 190 191 193 195 198 198 198 199 201 201 203 201 204 202 200 201 202 197 197 194 194 192 192 191 190 190 191 192 193 193 193 194 195 195 196 197 196 197 195 198 201 199 97 142 
184 186 184 185 188 188 187 184 183 185 185 184 184 185 184 186 184 187 183 183 183 183 184 184 182 182 183 183 183 183 183 183 183 183 182 184 183 182 184 184 184 185 186 188 188 188 190 189 188 188 188 191 191 193 196 197 198 202 201 199 201 200 200 200 198 196 194 193 189 191 193 191 191 192 191 193 195 195 196 194 195 194 197 197 198 197 198 198 198 84 116 111 
186 186 186 185 189 187 185 185 186 186 187 184 187 186 184 184 187 185 184 182 185 184 185 183 183 183 187 183 185 184 184 183 186 184 184 183 183 184 185 186 185 183 188 186 189 189 190 188 189 187 190 190 193 191 192 195 196 194 198 197 200 200 200 199 199 193 193 190 191 191 190 190 192 192 190 193 193 193 197 196 196 195 199 197 198 196 199 199 132 82 124 94 
188 185 188 184 186 187 188 186 186 185 186 186 185 186 185 186 186 185 185 183 185 184 184 184 184 185 186 186 185 185 185 184 185 184 184 184 185 186 187 187 187 185 187 187 189 188 191 189 189 188 188 189 193 191 190 191 193 194 196 193 198 196 200 197 197 193 194 189 191 189 190 189 191 190 191 192 194 195 197 196 196 195 200 199 200 200 199 201 107 90 93 108 
186 184 186 185 187 187 185 185 186 186 184 184 187 186 185 185 186 185 185 185 187 185 186 185 186 184 185 187 187 186 188 186 188 189 186 185 187 187 188 188 187 187 189 186 188 188 189 189 190 191 191 189 192 192 193 192 191 191 191 192 192 194 192 194 194 191 187 190 185 187 187 189 191 189 191 193 194 193 195 195 195 196 198 198 200 198 200 106 90 100 70 123 
185 187 186 186 188 186 186 184 186 183 185 183 185 184 184 184 185 185 186 185 186 183 186 187 185 185 187 186 189 187 186 185 186 187 186 187 188 187 188 189 186 187 191 187 190 187 190 189 192 189 190 190 193 193 192 193 193 192 192 193 194 192 191 190 193 189 189 188 186 188 188 190 190 189 191 192 195 196 195 195 196 196 198 198 201 201 200 97 92 98 70 119 
187 187 186 186 186 189 188 187 187 183 184 185 185 185 185 187 186 183 185 185 185 185 186 187 186 186 187 186 188 187 187 187 186 187 189 187 187 187 188 188 188 187 192 188 191 187 189 189 191 191 194 190 192 191 191 192 193 191 192 193 194 193 193 192 190 192 189 189 187 188 188 190 190 189 191 193 195 197 197 198 195 196 200 199 204 200 203 93 87 85 65 114 
186 188 186 186 189 190 188 188 188 187 187 186 186 186 188 188 185 188 187 185 186 186 187 186 185 187 185 186 187 188 188 187 187 189 188 188 188 188 188 188 186 188 188 188 187 187 189 189 189 190 187 189 191 190 190 191 192 195 193 194 193 193 192 191 193 192 189 189 188 187 188 189 188 189 192 195 197 195 196 198 195 196 199 202 201 205 133 95 84 85 94 81 
186 188 188 189 188 187 188 186 187 184 186 186 187 188 188 187 187 185 187 186 187 186 186 186 186 187 188 186 188 186 187 187 189 188 190 188 188 189 187 188 187 187 188 188 188 188 187 187 188 190 191 189 192 190 191 190 194 195 193 195 195 194 194 193 195 191 191 189 188 188 187 191 189 189 194 193 195 194 196 197 196 196 202 199 206 161 85 99 84 88 90 80 
187 189 188 190 188 187 188 187 187 187 186 187 187 189 189 188 186 187 186 187 186 186 186 185 189 188 189 186 188 189 188 187 187 191 190 189 188 189 188 189 188 188 189 187 190 188 189 188 187 189 191 192 194 193 192 192 195 195 194 196 197 195 195 194 193 194 192 190 188 187 187 190 189 192 193 193 195 196 197 198 197 200 197 207 201 103 89 104 86 119 99 86 
190 188 189 187 188 187 188 186 187 184 188 186 189 187 187 188 187 186 189 186 189 190 187 188 189 186 188 187 188 188 188 188 189 188 190 187 188 191 188 189 192 188 191 189 192 191 191 192 194 191 191 193 195 196 196 194 199 195 198 196 198 196 199 198 197 195 194 192 192 188 188 191 193 193 194 195 196 198 197 198 198 196 207 198 83 106 90 85 118 94 100 88 
191 188 188 188 190 188 188 189 188 185 188 186 188 187 187 187 187 186 189 187 189 188 188 187 188 188 188 186 188 189 188 188 189 188 190 189 189 188 190 188 188 187 190 187 189 189 188 188 188 189 188 186 193 190 193 191 193 192 194 193 197 196 199 197 195 194 193 193 192 192 189 192 193 195 193 194 196 197 196 197 199 198 203 207 95 95 100 73 122 98 102 96 
190 189 188 189 188 188 189 188 187 187 188 186 188 187 189 188 188 189 188 186 191 189 187 188 188 188 187 188 188 189 190 188 188 189 190 189 189 188 188 189 191 188 187 183 187 179 188 190 191 191 190 185 187 187 185 173 196 191 196 196 200 197 197 198 195 194 194 194 194 191 189 192 194 193 194 192 196 197 198 199 198 203 204 205 105 96 101 68 124 95 97 100 
189 189 190 189 188 188 189 188 187 187 187 187 189 187 188 188 188 190 190 188 189 190 189 188 190 189 189 189 189 189 189 189 189 189 190 187 187 190 159 173 149 135 136 51 54 46 43 34 39 39 61 61 49 46 41 33 45 45 55 71 109 144 196 189 200 197 195 195 195 192 191 191 192 192 193 194 195 196 199 200 201 204 206 149 109 105 110 94 99 112 97 95 
187 186 188 188 189 190 188 189 187 188 188 186 188 188 188 188 190 190 189 189 191 190 188 189 187 189 188 190 189 194 188 189 192 192 191 187 184 143 84 62 62 56 49 39 43 45 33 36 37 37 32 37 39 37 49 41 46 49 59 43 45 54 115 144 146 191 185 196 196 196 196 194 193 191 193 193 195 197 198 199 203 203 208 112 111 108 119 91 94 119 100 90 
187 190 188 189 188 191 189 189 188 189 189 187 191 190 188 188 189 190 189 190 189 194 189 189 188 188 187 187 189 188 191 189 191 176 168 121 66 50 51 54 46 33 33 35 30 26 28 27 26 28 31 27 31 24 31 42 33 43 38 36 41 38 40 40 47 54 105 154 170 187 188 192 192 194 191 196 196 198 199 200 204 207 117 118 110 112 143 92 92 115 94 119 
191 189 190 190 189 189 189 191 189 188 188 189 190 190 191 189 190 190 191 191 191 191 190 189 191 188 190 188 193 187 194 179 164 137 82 55 58 39 46 50 25 30 33 32 28 22 22 24 32 27 22 19 37 23 25 24 29 42 34 43 38 37 35 40 46 68 76 65 112 161 190 191 194 194 196 196 198 199 201 203 205 179 113 119 112 138 127 92 93 108 121 77 
189 189 190 187 191 190 189 189 190 191 190 189 193 192 191 189 189 189 189 191 190 190 191 190 190 188 189 187 190 190 59 71 39 86 44 31 38 36 28 29 27 26 28 32 25 23 14 17 24 20 17 18 17 18 17 16 27 44 27 42 35 25 26 22 21 34 35 31 52 78 78 176 183 195 193 196 199 200 201 202 204 129 105 105 107 134 125 99 94 100 80 73 
189 186 190 189 190 189 189 190 192 190 191 189 193 191 190 190 190 189 189 190 189 191 190 190 193 192 189 190 184 142 69 58 54 72 55 52 48 33 19 27 30 27 30 31 31 23 12 18 23 18 22 16 20 17 15 18 30 34 31 30 38 22 26 26 21 30 36 38 38 38 39 155 169 194 198 199 201 201 205 202 208 134 107 100 110 136 126 98 95 98 83 68 
188 188 189 188 187 188 189 189 190 190 189 188 193 191 191 189 189 190 189 189 191 190 189 191 189 184 168 59 82 44 61 45 39 39 62 40 31 36 25 17 28 16 18 20 18 20 15 11 19 18 20 12 15 19 14 14 25 30 36 21 28 24 23 29 17 25 27 25 27 28 45 42 49 55 141 197 196 201 203 203 156 83 130 98 142 140 127 145 103 116 102 68 
188 188 188 189 188 191 189 189 189 192 190 189 192 190 190 190 190 190 190 190 190 192 191 190 188 180 137 41 47 45 55 42 32 31 47 51 38 50 30 24 14 18 13 18 15 15 17 17 16 19 17 12 12 16 18 17 25 26 22 19 21 19 19 21 21 21 25 26 27 30 37 40 43 36 61 165 195 198 204 204 102 66 129 103 136 134 127 148 106 95 106 77 
188 189 189 188 189 190 189 192 191 191 191 188 192 191 190 189 189 189 190 190 190 190 190 185 178 132 55 55 63 42 39 39 38 30 21 44 65 30 36 27 17 17 15 18 20 15 15 17 20 16 16 15 12 11 17 19 21 26 30 18 17 16 23 17 13 18 18 25 19 28 31 38 34 35 47 118 188 201 205 174 99 66 110 108 140 130 132 136 133 88 114 80 
188 188 190 188 189 188 190 190 191 188 191 189 191 190 190 190 190 191 191 193 192 189 187 156 56 33 25 60 62 50 44 44 32 25 17 13 23 33 26 20 19 13 11 18 18 15 11 17 16 21 21 10 15 13 12 14 22 19 19 23 18 14 18 21 14 12 13 14 20 18 22 36 34 29 39 156 163 177 183 82 94 86 76 159 135 133 141 127 141 79 103 96 
188 187 190 188 188 188 190 190 190 190 190 189 190 191 190 190 188 190 191 191 188 188 106 54 54 33 27 44 46 32 37 59 27 22 26 15 16 23 23 25 21 21 14 14 20 15 12 16 12 13 19 18 19 13 11 15 35 19 15 20 17 18 15 18 21 20 14 12 18 20 18 36 33 33 39 104 125 198 137 92 85 105 69 163 124 136 135 137 130 76 101 100 
190 190 189 188 190 189 192 191 191 188 191 189 189 191 192 194 192 191 190 190 188 34 40 88 73 33 23 67 39 36 30 24 22 25 25 27 15 11 13 15 15 13 16 12 14 12 13 12 13 12 15 17 20 21 19 15 15 14 16 17 14 15 15 12 16 18 16 17 14 19 20 28 28 45 27 28 34 78 83 108 74 95 112 115 124 138 135 118 124 110 96 107 
190 190 191 189 190 189 193 191 191 190 192 192 191 190 193 192 192 193 189 189 141 30 56 119 90 28 24 48 50 44 26 22 23 23 21 21 23 19 18 16 16 15 13 13 13 12 10 12 16 12 13 16 14 21 21 19 16 18 20 16 17 16 15 14 15 14 13 15 15 16 16 26 25 39 26 25 22 33 92 107 99 139 117 100 120 132 135 116 131 135 92 107 
191 190 191 191 191 190 192 190 191 192 191 192 194 192 192 192 193 191 192 161 64 29 83 127 64 47 28 31 30 36 29 27 23 25 21 18 16 18 14 13 9 10 13 11 15 17 16 18 18 12 13 12 17 15 15 17 20 16 16 16 17 18 17 13 14 12 13 12 13 14 14 21 25 25 22 19 22 23 78 170 100 106 121 85 119 134 143 121 125 125 82 115 
189 189 191 189 190 190 189 190 191 189 191 191 192 192 192 193 193 191 198 120 79 41 61 100 36 37 19 33 29 38 29 46 27 26 18 20 19 15 16 13 14 11 12 13 17 16 16 16 16 11 14 10 15 16 16 17 18 15 15 17 16 18 18 18 17 12 12 12 15 15 13 22 24 21 21 21 22 18 64 184 142 106 116 106 126 131 150 126 112 124 84 126 
190 187 189 189 191 189 192 192 190 189 191 190 192 190 191 192 192 190 98 82 43 34 36 38 47 38 34 41 49 38 18 19 23 18 22 19 19 17 21 18 16 18 16 15 18 20 18 17 12 13 17 16 15 15 15 16 16 15 18 15 17 14 17 17 18 13 12 11 13 12 12 17 22 26 25 25 23 27 22 40 47 124 106 107 140 141 118 139 113 123 132 104 
190 188 190 189 189 189 190 191 190 189 192 190 191 191 191 192 193 191 64 89 61 29 24 41 26 23 25 19 28 29 20 25 25 25 16 15 18 18 19 19 16 17 18 19 19 17 21 19 16 19 21 22 23 20 19 19 21 21 21 21 19 17 21 19 19 15 14 11 11 13 11 19 23 20 22 29 28 33 27 36 60 101 117 88 151 106 115 135 113 121 101 104 
188 189 189 190 190 190 190 189 189 191 190 191 192 190 191 192 193 188 52 95 41 46 44 25 16 15 19 30 22 20 36 37 30 16 15 15 20 20 29 27 30 32 32 18 20 25 26 22 28 32 40 37 44 44 45 47 48 45 50 39 46 41 36 30 27 24 21 19 17 15 13 17 21 19 19 28 27 20 25 37 47 123 103 113 152 126 109 113 131 155 142 104 
188 188 189 188 189 191 189 189 189 189 190 189 190 192 191 192 191 180 92 49 33 40 29 24 18 17 18 27 52 36 37 22 17 16 15 24 32 30 23 36 43 29 26 24 29 30 34 32 39 46 51 52 56 55 53 55 58 63 64 53 60 47 42 45 37 28 25 25 18 16 16 19 26 22 24 21 26 24 22 39 35 169 102 114 151 135 113 110 169 138 166 102 
191 190 190 191 189 193 192 191 191 192 191 192 190 191 191 192 189 171 145 60 67 63 39 30 19 17 21 17 31 28 27 23 19 18 22 29 44 47 46 20 16 16 20 32 36 35 45 49 50 63 69 67 67 68 68 72 68 68 67 63 64 57 61 47 40 32 36 30 17 15 17 16 20 21 23 19 24 25 23 33 31 207 138 115 112 135 116 106 156 136 159 103 
190 190 193 192 191 193 190 192 192 192 193 192 191 191 192 192 192 192 180 136 47 31 26 19 31 32 19 18 19 28 34 24 32 43 45 51 71 75 75 72 69 56 47 50 59 57 70 70 66 79 81 83 85 83 86 88 87 88 86 78 79 72 59 58 58 57 49 51 35 23 18 20 16 17 20 20 20 27 20 27 26 111 233 131 58 97 134 104 121 145 144 147 
190 187 191 190 191 190 192 192 192 192 191 192 193 192 192 193 194 188 189 151 74 31 29 41 43 27 21 28 30 47 30 29 37 40 55 60 82 81 79 81 78 73 67 53 59 63 85 84 86 90 94 89 93 95 93 93 95 94 95 82 84 81 70 63 64 62 65 65 53 33 24 16 16 18 19 20 21 23 21 29 25 78 236 150 59 101 168 103 112 163 143 154 
190 189 190 191 192 192 192 193 191 192 191 193 191 192 192 190 197 190 198 169 58 31 41 61 19 21 21 27 34 49 23 26 44 77 110 107 104 104 98 94 94 95 95 98 98 97 101 102 101 102 100 100 99 101 100 100 103 103 105 101 104 98 93 87 86 80 89 87 80 71 56 26 22 19 18 15 22 24 16 33 22 74 194 242 104 62 153 113 113 172 141 141 
191 190 192 192 192 193 191 192 192 191 193 192 192 193 193 192 192 193 193 143 62 42 44 32 17 21 24 44 36 36 27 34 54 125 118 114 107 105 103 101 98 94 97 100 101 101 103 104 105 104 105 105 103 103 102 100 102 102 102 99 103 101 102 99 99 94 91 89 85 80 69 29 21 19 18 17 22 26 19 18 29 66 209 236 110 75 140 129 152 147 137 143 
191 190 191 192 191 192 193 192 193 192 192 193 193 194 194 193 191 192 192 85 41 36 32 52 28 26 21 36 62 79 110 125 126 134 135 131 118 114 109 108 105 104 106 106 110 110 114 114 114 112 111 110 111 110 109 109 107 106 105 105 106 105 106 105 105 99 98 97 98 93 89 61 49 34 23 19 21 24 22 34 27 165 236 239 122 99 100 157 129 134 146 148 
192 191 191 192 193 193 192 194 193 193 192 192 193 194 194 193 192 190 191 69 38 35 31 46 29 26 18 29 74 104 132 134 139 139 138 133 119 113 111 109 106 107 108 114 116 116 115 114 114 110 111 110 111 109 109 109 109 112 109 108 108 107 108 105 105 102 97 95 96 96 92 76 55 48 29 18 20 23 27 20 28 186 239 242 163 100 93 157 130 132 155 144 
191 192 193 192 193 193 193 194 192 192 193 194 193 194 193 194 193 191 182 51 44 33 29 36 20 16 18 75 104 127 135 141 144 143 139 133 126 120 117 116 115 113 117 113 116 116 117 116 113 112 111 110 114 114 115 116 119 120 121 118 117 116 115 108 106 101 97 96 96 97 93 91 87 65 43 24 23 21 31 29 28 196 236 244 244 97 106 175 143 129 170 154 
193 191 194 192 193 193 193 193 193 192 194 194 193 193 194 194 195 192 182 59 51 22 32 37 15 19 24 90 118 132 140 140 144 143 138 133 129 126 123 120 116 117 117 117 115 117 118 116 115 116 113 114 115 118 118 118 121 121 124 118 120 118 117 113 110 101 98 94 96 98 95 88 85 75 51 25 21 26 30 33 29 223 233 245 248 149 133 168 166 125 181 160 
193 193 193 193 194 193 193 193 192 193 195 192 195 193 191 192 192 194 190 99 73 32 39 35 20 22 32 99 126 134 141 141 145 140 139 133 130 127 122 123 119 121 120 120 120 118 120 119 117 118 115 116 119 119 119 119 123 122 123 122 123 123 120 116 111 102 96 96 93 94 95 95 91 84 64 28 23 25 32 32 33 237 234 246 249 227 111 170 177 132 189 134 
194 193 194 193 195 194 194 194 194 193 194 193 195 195 195 194 194 191 198 175 136 35 46 43 36 33 56 114 130 139 140 142 141 142 142 137 137 129 128 125 122 121 122 115 118 118 118 118 120 116 117 117 118 117 118 118 119 121 121 121 123 122 120 116 116 107 106 100 89 91 89 92 93 90 86 54 31 25 28 38 32 235 238 244 251 247 147 183 152 162 151 148 
193 191 193 194 195 193 194 193 193 192 194 194 195 194 195 194 194 194 196 189 193 35 46 43 40 37 66 125 135 136 140 138 140 138 140 141 136 133 128 124 122 120 118 118 117 115 117 118 118 117 119 116 118 118 115 117 117 118 118 117 120 117 120 119 116 103 103 99 95 91 88 94 92 93 92 76 39 31 36 40 35 242 238 242 251 248 218 173 148 167 146 163 
194 193 196 193 196 196 194 193 193 193 193 193 192 194 193 194 193 193 197 192 193 39 30 46 43 59 114 136 132 135 133 133 136 135 138 140 136 132 124 120 117 115 115 112 114 115 114 114 115 114 113 114 112 110 107 105 100 99 100 99 101 99 95 97 103 93 96 89 84 93 88 88 90 91 92 82 79 37 37 40 40 248 247 244 252 249 246 122 178 168 145 172 
194 193 194 195 195 196 194 194 194 193 193 194 193 193 194 194 193 193 195 193 193 50 45 40 41 101 129 134 132 130 129 127 125 127 128 126 123 121 116 114 110 110 110 109 110 109 109 109 108 105 110 109 106 104 98 97 88 89 90 77 79 82 80 74 71 69 75 78 67 66 61 72 87 88 89 92 90 51 36 42 44 248 247 248 252 251 247 106 188 160 149 174 
194 194 195 193 195 193 196 194 192 193 193 194 194 194 195 195 193 192 197 195 196 60 56 33 88 131 130 128 130 111 111 101 110 100 94 97 100 94 93 94 96 94 92 96 101 103 106 102 99 99 100 99 98 95 83 72 69 60 54 42 38 30 40 36 35 32 32 35 34 35 34 41 47 50 80 94 94 95 37 45 87 247 247 248 249 250 246 133 165 166 136 126 
194 193 193 195 193 193 194 192 193 194 193 192 194 195 193 195 191 194 193 195 194 52 61 34 113 131 131 131 96 81 68 75 74 60 75 67 52 51 65 74 81 80 83 85 91 96 100 100 99 96 96 93 90 88 81 68 52 45 42 30 29 28 25 24 25 29 26 27 34 31 29 38 39 53 49 85 98 101 39 46 168 246 248 249 250 250 248 168 153 178 138 119 
194 194 195 194 195 195 194 194 193 192 195 192 195 194 195 193 196 191 201 192 199 184 48 30 138 128 130 51 49 54 52 40 36 40 34 22 23 28 30 35 34 35 37 52 62 66 94 93 88 88 86 80 76 75 64 55 40 34 32 28 22 20 20 20 22 21 20 24 30 33 34 39 40 48 48 72 96 106 36 79 250 249 250 252 251 251 251 246 133 193 168 117 
193 195 194 193 195 196 194 194 193 193 194 192 195 194 194 193 193 195 192 193 199 182 50 38 139 132 109 46 53 53 43 33 27 23 16 14 20 21 22 22 26 30 31 40 44 50 80 86 87 90 90 82 72 66 63 53 40 30 33 27 26 22 23 25 25 18 25 30 40 43 46 48 42 51 61 74 97 105 45 138 251 252 249 252 251 251 253 249 149 169 174 121 
193 193 195 193 195 192 194 194 195 194 194 194 194 195 196 195 195 193 197 191 198 187 101 40 139 130 61 54 52 44 40 35 31 19 20 19 17 17 18 22 21 28 32 40 44 48 82 84 89 85 93 80 73 64 52 49 38 30 33 33 30 23 32 33 37 39 49 46 57 62 62 66 67 55 68 82 101 105 50 224 252 252 252 253 251 251 253 250 190 160 167 124 
193 192 195 194 194 194 194 193 194 193 195 193 196 193 196 197 195 198 192 197 195 194 196 68 140 111 95 77 69 75 99 74 73 56 50 43 41 33 32 30 36 34 35 41 60 57 83 100 94 92 87 82 81 73 69 57 48 46 42 32 34 33 39 44 46 49 60 60 70 76 83 89 86 84 81 101 106 107 102 252 252 253 253 252 253 250 253 251 248 128 167 166 
191 193 195 195 193 196 195 194 193 194 195 194 194 196 195 196 196 193 198 194 198 194 191 141 136 118 110 95 89 95 111 98 88 66 64 57 55 41 40 36 34 36 39 49 62 65 98 108 104 92 89 83 78 77 69 64 52 34 33 28 32 31 41 46 46 55 57 61 69 77 80 91 91 90 98 102 102 109 113 252 253 254 254 252 252 252 253 252 250 155 172 169 
193 193 195 194 196 193 194 194 194 195 195 195 196 196 195 193 195 195 197 195 200 197 196 154 140 128 118 103 110 115 107 94 81 66 53 47 37 31 32 32 31 31 29 26 35 71 115 122 125 106 102 97 92 81 63 53 20 17 16 13 16 20 28 34 32 53 64 62 53 46 51 67 82 84 91 104 104 108 74 114 233 254 255 253 253 253 252 253 252 237 190 168 
195 194 194 193 195 195 195 195 195 195 197 196 196 194 195 194 194 195 197 198 198 200 184 109 138 133 124 110 113 111 95 73 59 32 36 46 34 29 23 21 18 18 19 19 22 34 114 128 131 118 112 108 100 90 66 36 17 13 11 17 22 24 24 26 27 34 36 47 68 78 70 66 66 70 83 100 104 102 74 86 199 255 255 254 255 253 252 253 253 249 180 177 
194 193 194 194 193 194 194 195 195 196 195 197 197 195 195 195 195 194 196 195 199 199 105 55 140 137 129 107 90 69 91 111 103 38 27 14 10 14 12 11 21 20 17 21 22 34 116 130 134 126 122 120 116 109 92 34 16 23 16 17 28 38 14 11 11 34 39 75 29 22 25 53 62 72 75 99 102 102 80 87 150 255 255 254 255 253 253 254 254 251 153 179 
193 194 195 192 195 195 195 195 195 195 196 196 196 195 195 196 196 195 195 194 199 199 104 45 138 136 135 100 87 88 78 57 28 31 29 47 7 16 13 12 35 20 14 18 33 31 120 132 134 125 125 122 117 115 101 52 23 20 20 20 37 48 15 14 12 26 33 94 37 45 62 48 72 79 89 97 102 104 93 76 133 254 254 254 255 253 254 254 255 251 140 182 
194 195 193 194 196 196 196 197 195 196 196 195 197 195 195 196 194 194 193 195 199 199 90 47 140 141 143 127 120 97 87 77 45 128 106 50 10 13 14 9 26 23 19 27 33 57 136 135 132 124 123 121 116 113 113 100 31 36 31 30 32 31 36 36 37 41 44 51 69 68 69 75 82 87 89 100 102 109 109 79 141 254 254 254 253 253 251 252 255 252 154 191 
193 193 194 193 196 197 195 196 197 196 197 195 196 196 197 196 195 194 194 196 200 200 91 49 140 141 141 121 116 111 104 98 87 59 73 67 20 16 20 31 32 32 33 33 41 95 138 135 133 126 122 119 115 113 111 102 51 35 36 33 32 35 32 35 37 39 51 52 73 68 68 83 89 92 94 94 102 107 113 76 193 254 255 255 254 252 253 255 255 252 184 175 
195 195 194 195 196 196 197 196 196 196 197 197 196 197 197 197 197 194 196 195 200 199 100 52 141 135 133 116 111 101 94 99 112 76 62 51 41 49 40 34 32 33 35 46 91 117 136 135 135 125 122 119 115 112 109 108 80 55 39 39 36 39 35 34 38 48 49 54 58 66 74 88 97 100 97 102 106 105 116 89 245 254 255 255 254 253 253 254 255 252 232 162 
194 195 195 194 195 197 197 196 195 196 197 197 197 198 197 198 195 196 196 195 199 201 160 78 140 136 133 117 115 108 83 76 76 69 67 55 47 43 43 42 50 56 61 118 128 128 136 135 133 126 125 121 119 108 104 104 97 90 79 54 55 51 56 57 59 66 75 76 87 98 93 106 112 113 113 116 113 111 113 126 251 254 253 254 254 251 253 253 252 253 249 163 
195 194 196 195 198 197 197 197 196 196 196 195 197 197 195 195 194 192 197 196 197 199 174 85 140 136 132 122 122 117 101 96 97 87 79 70 65 64 60 63 66 65 85 128 128 130 136 138 135 124 126 124 115 111 106 108 99 99 92 75 61 63 62 64 68 76 78 84 90 99 103 109 113 116 117 115 117 112 118 124 235 254 254 254 254 252 252 252 254 254 251 179 
196 195 194 193 197 195 195 195 196 198 197 196 197 198 197 196 196 196 197 196 199 201 160 121 139 137 134 127 122 120 110 105 103 97 94 89 80 78 82 81 108 118 129 127 129 130 138 138 134 126 127 128 117 114 110 107 100 97 102 99 97 95 85 82 82 81 84 83 95 97 102 113 114 114 115 118 120 118 115 122 158 253 254 254 255 253 253 252 253 252 253 250 
195 193 196 194 196 196 195 196 197 196 196 197 198 197 194 196 196 196 195 197 199 197 147 132 140 140 138 131 127 123 109 104 104 96 95 91 88 96 99 105 120 127 134 134 127 134 138 137 135 125 127 126 114 112 111 109 95 101 111 102 103 105 101 99 97 93 91 92 94 98 101 112 113 113 113 115 119 119 121 122 189 252 253 255 255 255 253 254 255 255 254 253 
196 194 196 196 197 196 198 196 198 198 199 197 198 198 197 197 197 196 197 197 200 182 117 139 142 142 144 139 136 125 113 107 104 101 103 106 117 117 120 122 127 133 139 126 120 130 142 145 141 124 125 125 112 100 97 105 95 93 99 107 111 108 106 105 109 107 108 109 107 108 111 112 110 112 112 119 124 125 122 125 135 252 254 253 255 253 254 254 255 254 253 253 
193 196 196 195 197 198 196 197 196 197 198 195 197 196 199 198 197 199 198 198 201 189 104 142 143 146 142 139 134 127 113 108 107 107 111 113 120 123 123 123 129 134 134 117 113 124 142 146 140 125 123 121 112 108 109 106 98 96 104 109 109 107 104 106 108 109 111 109 111 114 113 113 113 114 114 123 128 127 123 127 122 252 253 255 255 255 252 254 255 255 253 253 
195 196 196 195 199 196 198 198 199 197 199 196 198 198 198 197 198 197 199 197 199 197 76 141 146 146 149 139 136 133 124 117 121 120 121 124 123 122 121 122 123 122 130 130 129 134 149 152 142 117 113 108 114 112 113 106 109 112 114 94 97 99 106 104 106 111 112 109 115 116 118 118 121 120 120 127 129 128 132 133 124 251 253 255 255 255 254 254 254 253 253 253 
195 194 196 194 199 197 198 198 199 197 196 197 199 198 198 198 198 199 200 202 202 194 77 139 146 147 148 142 140 137 131 127 124 124 124 121 123 119 119 117 114 120 149 141 139 143 155 156 130 113 108 105 110 114 115 111 119 112 117 103 90 94 104 104 105 112 113 112 114 116 116 119 121 123 125 129 131 127 138 130 129 251 253 254 254 253 254 254 254 254 253 253 
193 194 196 195 197 197 198 198 198 197 198 198 199 198 199 199 198 198 202 201 202 201 68 140 146 146 151 145 143 141 134 131 131 124 124 123 122 119 116 111 94 144 144 141 138 139 146 141 117 107 97 98 108 109 114 114 112 114 123 116 88 90 100 102 102 105 112 110 114 113 117 120 122 120 123 129 132 130 135 134 132 251 253 254 254 253 254 254 254 253 253 253 
196 193 197 197 195 197 199 197 199 200 199 200 200 200 199 202 199 200 202 201 202 207 112 139 147 148 150 146 146 145 141 137 135 127 126 122 113 110 107 99 83 134 115 44 60 111 126 119 110 92 84 83 100 101 104 99 76 65 79 105 102 90 89 97 101 104 107 111 115 114 117 120 124 124 130 132 134 133 139 140 132 251 253 254 254 255 253 254 254 254 253 253 
195 195 195 194 197 196 196 197 199 200 198 198 201 200 200 201 200 199 200 201 204 203 108 121 147 149 148 146 150 151 141 138 133 128 128 123 113 109 104 94 86 121 111 31 15 12 120 114 102 84 73 70 92 96 69 17 13 18 42 90 99 92 88 91 96 102 106 109 114 116 117 121 122 125 131 133 131 135 138 143 132 252 253 254 254 253 254 254 254 254 253 253 
194 196 195 194 197 197 198 196 198 199 198 200 200 201 200 201 199 202 202 201 203 202 158 89 146 149 147 151 151 152 138 137 134 125 125 122 113 107 100 91 107 111 108 51 56 72 94 111 108 66 66 66 72 68 55 49 46 51 53 92 101 106 96 92 93 100 104 106 112 116 117 120 123 126 129 130 133 137 141 143 125 252 253 255 255 253 254 254 253 254 253 253 
194 194 195 195 196 197 195 199 198 196 197 196 198 199 201 201 202 202 201 203 202 203 190 62 147 146 148 146 150 150 139 136 131 124 124 119 115 107 98 96 110 115 112 84 90 104 140 119 102 80 67 68 65 67 73 68 52 56 58 96 106 103 103 100 98 97 101 106 111 114 114 119 120 124 129 132 128 139 140 140 129 252 254 255 255 255 254 254 254 253 253 253 
194 194 196 196 196 195 198 197 197 197 198 197 199 200 200 203 202 202 202 205 203 205 192 63 143 144 145 145 145 150 141 138 133 126 124 119 109 102 102 107 114 116 116 112 106 105 112 122 103 59 52 48 62 71 77 72 56 64 78 100 104 104 111 105 101 102 102 102 111 113 118 114 117 123 127 130 134 139 140 142 132 252 254 255 253 253 252 254 253 253 253 253 
194 195 195 193 197 195 195 197 198 195 197 199 202 199 201 201 201 200 203 201 203 205 205 71 143 144 145 146 147 149 140 137 132 124 126 121 112 105 108 112 118 117 117 117 111 113 108 107 87 53 48 43 60 66 52 53 72 77 85 104 99 104 112 110 104 99 105 104 108 114 113 108 117 126 130 132 141 139 141 140 128 253 254 253 255 253 252 252 252 253 253 253 
195 195 197 197 195 196 198 198 196 196 201 200 199 200 199 201 202 203 203 203 206 205 208 155 139 139 144 144 148 146 140 136 132 123 123 122 116 109 111 106 108 106 94 84 80 47 47 48 46 41 41 43 59 49 40 35 35 46 59 75 78 78 93 100 100 100 105 106 109 111 113 117 120 125 127 127 130 141 138 138 173 253 254 253 255 253 253 254 252 252 253 254 
194 194 196 195 196 196 196 195 199 197 199 202 200 198 199 200 202 202 203 202 206 205 205 196 133 136 143 142 144 143 139 134 132 125 121 122 118 100 107 104 92 82 80 46 43 38 38 43 50 36 40 39 59 52 43 29 29 30 39 48 62 55 64 77 81 92 98 103 108 110 110 114 120 119 120 126 129 133 139 138 190 253 253 254 255 253 253 253 252 253 253 253 
194 195 197 197 197 196 196 198 198 198 199 198 201 202 201 200 202 203 201 204 208 206 207 210 122 132 140 141 143 141 138 133 130 124 123 124 98 93 85 76 54 66 44 27 31 30 39 42 54 37 35 39 66 61 49 31 30 33 35 43 45 40 63 51 64 78 89 100 107 108 111 114 115 118 123 128 125 133 137 133 199 254 254 254 255 252 252 253 253 252 253 253 
195 194 198 198 196 197 196 198 197 196 197 201 203 203 202 203 203 204 203 205 206 209 207 198 67 127 134 135 138 137 135 131 128 128 124 122 73 47 37 43 32 29 36 37 45 49 53 83 94 66 66 72 93 99 89 77 48 47 41 43 39 35 45 40 41 51 55 76 107 107 107 115 116 118 120 122 128 138 143 137 246 254 254 254 255 252 253 253 252 251 253 253 
194 193 197 197 197 197 197 198 197 195 198 202 203 202 203 203 203 204 203 205 208 208 208 195 68 121 122 133 136 135 131 130 127 130 124 110 42 42 47 33 32 35 37 52 71 75 85 77 83 92 95 105 96 77 70 64 67 61 56 52 53 42 41 51 41 46 50 57 107 108 111 114 119 120 122 120 121 137 137 144 252 254 253 254 253 255 254 254 252 253 253 253 
196 196 199 197 198 195 199 198 198 195 198 201 202 202 202 203 203 204 206 205 207 211 210 208 106 86 123 127 125 132 130 127 129 129 106 57 49 34 31 27 35 49 87 93 84 65 59 58 58 72 71 64 61 48 54 52 52 44 61 91 75 65 55 52 48 47 38 47 100 112 115 113 113 114 119 114 122 139 128 208 252 254 255 255 255 255 254 254 252 251 252 253 
194 196 198 196 196 196 195 199 197 197 198 202 202 202 203 205 202 203 205 207 208 209 208 208 153 60 112 121 123 127 128 128 128 117 61 58 38 34 34 36 45 76 94 63 53 53 56 58 63 69 68 63 55 45 55 51 49 46 45 68 79 75 62 50 48 59 53 49 111 108 113 115 115 115 115 118 131 138 128 218 253 254 253 255 255 255 255 253 253 251 253 252 
196 195 196 197 197 196 198 199 199 200 200 197 203 203 203 203 204 204 207 206 209 211 208 209 213 112 77 107 117 120 129 128 128 120 89 78 66 53 41 35 46 69 63 31 35 30 44 45 39 39 41 33 32 24 28 31 40 39 38 49 45 44 25 26 35 49 60 68 90 103 111 118 119 114 110 130 138 126 175 253 254 255 255 255 255 255 255 255 255 253 253 252 
194 197 197 197 196 196 200 199 199 201 200 197 202 202 205 204 204 203 208 205 209 208 208 209 213 143 61 110 108 111 125 124 125 114 112 69 74 47 38 28 20 18 42 54 72 87 69 66 64 45 57 47 60 62 61 74 76 73 86 78 71 74 40 37 35 56 54 67 94 108 115 118 118 109 115 133 138 124 206 253 253 253 255 253 255 253 253 254 255 255 255 255 
193 192 195 197 198 200 197 199 201 202 201 200 202 206 202 203 203 208 207 205 209 208 208 210 213 205 121 95 102 94 114 121 123 117 106 95 65 51 37 33 77 77 101 105 120 127 99 120 88 88 92 96 94 82 94 90 87 88 89 87 87 80 83 73 67 62 65 67 101 109 110 111 112 112 116 130 115 115 252 254 254 254 253 255 255 255 253 255 255 253 255 255 
192 193 196 198 197 198 198 199 202 200 201 199 204 203 203 203 204 206 207 206 208 210 209 208 214 208 203 76 105 89 114 116 119 119 113 92 67 51 46 47 102 113 108 106 103 99 109 104 86 91 88 82 86 75 85 85 84 82 82 84 83 91 84 79 76 70 68 71 90 103 105 109 104 108 116 127 113 125 252 254 254 253 253 253 255 253 253 253 253 253 255 253 
194 192 196 196 199 196 197 197 202 199 201 199 204 203 204 204 204 206 205 206 210 210 210 210 213 213 211 46 67 97 114 103 113 109 103 89 64 58 63 82 99 102 102 98 96 90 82 76 83 72 73 70 68 67 65 69 78 76 79 78 79 82 84 84 79 72 74 74 86 93 101 109 105 106 110 112 120 177 253 254 253 253 253 253 255 253 253 253 253 253 253 253 
195 194 197 199 199 197 199 198 199 199 198 201 202 203 204 205 204 205 207 206 208 209 208 210 213 210 215 100 54 88 104 105 106 103 93 82 65 58 65 84 96 100 98 93 88 85 78 74 71 66 64 63 57 59 58 62 66 74 69 65 69 78 84 82 79 73 72 67 84 88 99 105 105 107 106 113 128 225 254 254 252 253 253 253 255 253 253 255 255 253 253 253 
195 196 198 196 197 201 199 199 201 201 201 198 200 203 204 203 206 204 207 207 210 209 209 211 215 213 213 158 48 61 97 100 106 101 86 70 69 67 64 62 97 98 97 88 86 80 64 71 65 53 53 56 48 49 55 54 53 52 51 61 66 78 83 81 78 64 68 67 81 89 94 100 99 104 102 108 151 252 254 255 253 252 255 253 255 253 253 253 255 253 255 252 
194 197 195 196 197 200 199 200 202 201 201 203 203 201 204 205 205 206 207 207 209 209 212 212 217 214 220 208 143 50 72 94 89 95 85 73 53 52 58 53 72 77 82 74 65 55 43 35 31 23 23 25 22 23 22 20 30 37 50 59 66 70 72 68 57 58 59 54 73 80 82 80 83 86 95 131 231 253 254 255 253 253 253 253 253 255 253 254 255 253 255 255 
196 195 196 197 198 198 199 199 200 200 202 203 205 203 206 206 207 206 207 208 209 210 213 212 214 214 214 196 142 51 43 70 86 87 84 67 43 52 38 49 62 62 70 71 66 54 46 39 38 27 31 25 31 31 25 21 29 36 49 58 60 63 65 65 54 52 56 52 67 72 69 76 76 80 89 141 253 254 255 253 253 253 255 253 255 255 255 253 253 255 253 253 
197 198 195 196 196 200 200 199 199 201 202 202 206 206 206 207 206 208 209 207 209 211 212 213 214 211 218 218 221 224 46 49 46 57 52 41 32 27 36 33 33 35 42 63 67 60 59 56 58 63 54 42 41 43 53 47 50 49 49 61 63 63 56 47 46 47 46 50 62 60 65 70 75 78 98 221 253 254 253 253 254 252 253 253 255 253 253 253 255 253 255 253 
196 198 195 196 197 200 199 199 198 199 199 203 206 205 207 205 207 208 210 208 209 212 213 213 211 211 216 217 220 223 102 41 45 37 40 46 35 28 28 31 30 34 38 62 71 67 71 74 71 74 73 59 51 54 57 63 67 63 58 64 66 62 53 45 44 43 45 44 52 56 56 72 70 81 93 240 253 254 253 254 253 253 253 253 255 255 255 255 253 253 255 253 
195 197 196 195 196 196 194 198 201 201 203 201 204 205 205 205 206 207 209 211 210 213 212 213 212 214 220 220 223 223 203 183 75 40 36 31 27 22 26 25 23 25 32 42 59 69 89 82 79 64 55 47 48 47 45 56 62 66 71 69 57 57 54 42 43 43 45 41 53 56 56 71 78 79 95 191 252 254 255 252 255 255 253 253 255 255 253 255 255 253 255 253 
196 196 197 197 201 199 197 200 201 202 203 201 202 204 206 204 205 207 209 210 212 213 214 215 214 216 219 216 222 221 218 209 133 40 37 20 23 26 23 21 24 27 29 40 52 68 85 85 77 52 44 38 43 44 48 54 62 63 68 63 49 53 55 43 42 42 42 42 53 50 55 72 75 76 101 167 252 253 254 255 254 254 255 253 255 253 253 255 255 253 255 255 
192 196 194 196 198 199 200 199 203 202 202 204 202 203 206 205 207 212 213 211 213 214 216 216 216 219 216 220 222 224 221 226 202 49 38 23 22 28 25 24 28 28 30 45 43 46 55 68 70 43 35 36 42 43 41 39 49 52 53 46 50 43 46 39 38 41 40 42 56 59 59 62 74 98 110 141 138 120 244 254 252 254 254 252 255 253 255 253 253 255 255 253 
196 195 196 198 200 197 199 199 202 204 203 204 206 204 206 206 207 211 209 210 213 214 215 215 217 216 220 220 224 224 229 225 228 71 39 31 23 21 24 28 37 29 32 30 38 38 59 39 48 44 38 32 37 38 37 38 42 46 45 39 43 43 43 39 36 40 41 42 56 56 63 63 84 102 110 134 142 111 144 230 252 252 252 253 254 255 254 254 253 253 253 254 
195 195 197 198 200 199 200 200 200 204 203 203 206 206 205 208 207 211 212 211 211 214 216 217 217 222 220 224 225 226 229 232 233 117 96 33 22 22 17 22 31 32 26 32 32 28 47 43 42 46 33 34 31 33 36 39 42 43 40 40 36 42 44 42 38 35 44 40 59 62 53 83 94 102 106 131 132 135 111 139 174 180 170 170 252 253 253 254 252 254 253 254 
197 197 201 200 201 200 201 201 204 202 204 202 204 204 207 208 211 211 212 212 213 215 216 216 222 220 224 223 226 225 230 230 237 119 115 85 25 20 19 21 29 29 25 32 30 24 29 31 35 30 28 24 27 30 31 33 31 35 39 34 34 34 37 38 39 35 38 41 43 48 73 90 98 101 110 125 105 127 106 88 122 141 147 154 167 186 251 252 254 255 254 254 
194 197 200 200 200 200 204 201 205 203 205 204 203 204 208 210 210 210 211 211 214 216 216 219 219 222 223 226 228 226 228 229 235 115 113 112 62 22 20 25 26 26 27 24 26 26 32 25 30 28 27 23 30 26 30 30 27 31 44 30 33 33 38 36 33 32 42 41 50 71 78 87 97 103 114 121 90 124 104 91 103 143 137 152 131 164 166 182 252 253 254 255 
198 197 199 198 198 204 203 204 206 207 204 204 204 206 209 209 211 211 211 213 215 216 218 219 220 219 227 224 217 151 34 116 93 120 118 112 103 81 87 27 24 22 24 23 23 24 23 22 19 21 21 21 23 20 24 25 24 21 23 25 27 31 31 31 33 37 40 50 75 80 90 96 103 104 108 111 94 117 110 98 77 141 127 128 149 110 152 152 178 251 253 254 
198 200 199 199 201 203 204 202 205 205 206 205 207 206 208 211 211 210 212 213 217 219 219 220 224 172 122 124 118 40 120 119 87 118 118 113 107 95 95 62 22 22 22 18 21 22 21 21 20 22 20 22 22 20 20 22 22 21 23 25 25 29 26 29 31 32 53 69 80 79 86 98 100 105 102 87 107 117 102 98 81 133 131 122 136 118 140 150 145 162 204 233 
198 194 196 197 199 203 204 203 204 206 206 208 206 207 211 210 215 215 214 217 217 224 172 151 133 108 135 34 68 121 115 118 64 121 117 115 111 105 99 96 72 59 21 17 17 20 18 15 15 24 18 20 13 18 17 19 18 16 21 23 27 27 28 34 42 56 66 69 79 84 85 92 97 101 103 76 109 108 102 91 88 106 131 117 131 142 97 130 140 132 152 150 
199 198 197 195 201 204 204 206 206 206 209 209 211 210 213 212 216 213 218 215 212 141 158 82 111 131 100 50 112 115 114 115 85 120 120 112 115 106 104 98 87 76 70 19 18 21 18 17 17 19 17 20 16 15 19 21 17 19 19 21 25 26 44 41 47 63 70 70 83 86 86 95 97 100 98 102 107 102 100 93 91 97 128 124 130 138 113 130 133 126 146 145 
198 198 202 200 206 205 206 207 209 208 206 209 211 210 211 212 211 203 118 117 154 73 136 116 134 73 24 103 112 111 109 117 110 120 113 118 110 114 105 103 91 85 79 71 66 51 31 31 25 25 25 24 21 22 18 21 21 24 29 32 41 48 56 57 62 67 70 74 84 87 92 95 95 95 75 99 102 97 98 95 90 85 120 119 120 126 140 137 121 129 120 128 
197 200 201 202 202 205 204 205 205 207 203 206 208 211 214 213 216 109 107 129 131 104 135 98 98 33 40 114 112 111 107 114 114 108 118 113 115 107 109 102 96 88 86 74 70 72 63 53 48 34 40 36 35 31 35 33 39 36 43 44 56 49 55 64 63 70 70 74 83 86 90 93 92 85 67 93 100 97 94 95 86 83 120 121 116 119 133 109 127 123 117 118 
202 200 201 203 205 205 205 206 207 204 206 207 208 198 161 148 145 94 112 135 145 142 108 115 63 26 64 114 113 107 103 108 117 58 119 114 112 113 104 104 96 87 89 71 71 69 63 63 57 53 54 49 46 42 45 44 47 47 43 48 54 53 58 60 64 66 75 75 84 85 87 93 90 78 74 93 93 94 95 93 89 75 112 119 113 117 129 83 134 119 121 111 
170 146 141 133 129 128 128 127 126 124 123 126 125 126 132 121 89 132 114 92 121 88 130 118 27 69 97 116 107 107 100 99 103 120 54 107 114 107 108 104 99 93 88 84 78 74 68 68 63 55 53 54 55 54 52 46 51 52 51 54 54 55 58 65 63 74 74 76 80 86 86 79 84 65 89 96 94 97 94 90 91 66 106 117 113 118 121 82 124 119 120 109 
129 128 126 123 122 122 120 121 120 123 123 121 123 124 133 98 94 119 126 54 130 90 140 95 49 84 113 112 108 103 94 95 96 115 111 66 111 112 106 105 97 92 92 82 80 74 70 66 64 59 56 52 58 52 53 53 54 52 52 55 58 56 64 67 67 72 77 79 82 87 83 88 70 90 94 94 98 94 95 95 90 69 102 117 115 115 120 84 96 123 118 110 
118 118 111 112 110 110 115 110 114 114 114 119 123 130 98 98 131 93 89 132 99 132 98 50 107 124 123 113 109 107 93 92 91 86 98 115 76 105 108 105 101 94 91 82 80 79 69 69 67 59 58 53 56 61 57 54 53 51 59 57 59 63 66 64 65 74 80 80 82 77 80 72 81 84 97 89 99 93 93 94 87 66 93 119 114 109 113 96 74 127 118 117 