
180 87 166 252 246 247 246 247 246 246 246 245 246 246 247 247 247 246 247 248 248 248 247 247 247 245 247 247 247 247 245 244 248 247 246 246 249 248 248 249 247 248 247 248 251 251 248 250 249 250 251 250 251 251 252 253 253 252 252 251 253 254 253 253 254 253 254 253 253 254 254 253 254 254 255 255 255 255 255 255 255 255 253 255 255 255 255 255 255 255 255 255 
246 140 93 198 250 245 244 245 245 244 245 245 245 246 245 245 245 247 246 245 246 247 247 247 247 246 249 247 248 247 247 247 248 248 247 247 247 249 248 249 247 247 247 249 249 250 250 250 249 251 250 252 250 252 253 252 253 253 252 253 253 254 253 253 254 254 254 253 254 253 254 253 252 253 255 253 255 255 255 255 253 255 255 255 255 255 255 255 255 255 255 255 
245 213 93 101 251 247 245 252 245 246 247 244 246 246 246 246 246 246 246 246 248 248 246 247 248 246 247 246 247 249 248 247 247 248 249 248 249 248 249 248 249 250 250 249 251 251 252 252 252 253 253 251 251 252 251 253 252 252 253 252 254 254 254 254 253 253 253 254 255 255 254 254 253 254 255 253 255 255 255 255 255 253 255 253 255 255 255 255 255 255 255 255 
202 254 88 81 117 246 249 246 245 245 244 248 248 247 248 246 246 247 247 247 247 247 247 248 246 246 246 247 247 249 248 248 247 249 246 247 249 249 248 250 248 250 250 250 249 252 250 251 250 251 253 252 252 251 252 252 251 253 254 254 254 254 254 254 253 253 253 253 255 253 252 254 253 254 253 255 255 255 255 253 253 255 255 255 255 255 255 255 253 255 253 255 
77 75 87 85 97 253 242 247 246 245 245 246 246 249 247 246 247 246 249 247 248 248 247 248 246 246 248 246 247 246 246 247 248 246 249 247 249 247 247 247 248 247 252 251 250 251 252 251 252 251 252 253 253 251 251 251 252 252 252 251 254 254 254 254 254 254 253 254 255 253 254 253 255 253 255 253 255 255 255 255 255 255 255 255 255 255 253 255 255 253 255 253 
87 134 132 74 80 169 236 243 244 244 244 244 247 247 244 246 246 247 248 246 247 247 247 247 248 246 248 246 246 246 247 246 246 247 247 245 248 247 247 247 250 247 249 250 249 250 248 250 251 250 250 250 252 251 252 251 253 251 252 252 254 254 254 254 254 254 253 253 254 253 253 253 255 253 255 253 255 253 255 255 255 255 255 255 255 255 255 255 253 253 253 253 
229 248 140 70 62 90 131 192 245 244 243 242 246 244 244 245 246 247 245 246 246 245 246 247 248 246 246 244 246 247 246 245 247 246 244 245 247 245 242 245 249 248 248 249 251 250 246 246 250 243 246 250 251 251 251 251 252 251 253 252 253 252 254 253 254 253 254 254 254 254 254 254 253 253 253 253 253 253 253 253 253 252 253 252 255 253 253 253 253 253 253 253 
246 249 146 72 64 83 95 206 244 242 241 242 244 244 245 244 245 245 244 245 246 247 247 246 247 245 247 245 246 247 246 246 246 247 219 214 244 246 241 231 247 246 249 247 249 187 91 138 127 228 240 248 245 249 249 251 251 252 252 251 252 253 253 254 254 253 254 253 254 254 254 254 255 255 253 253 253 253 253 253 253 253 253 253 255 255 255 255 253 255 255 253 
238 243 241 231 173 84 94 244 238 241 241 240 243 243 245 244 242 243 243 244 245 247 246 246 247 249 246 247 246 246 219 116 97 94 58 48 79 97 140 110 177 177 133 96 93 95 51 62 67 76 85 94 100 152 141 188 189 244 246 253 253 254 254 254 252 253 254 254 254 254 253 252 253 254 255 252 255 254 253 253 253 253 255 253 255 255 255 255 255 253 253 253 
218 244 232 234 234 146 182 237 236 237 238 241 241 243 242 244 241 243 244 243 247 244 247 245 245 245 248 246 239 245 41 42 85 71 55 64 91 80 87 98 112 92 94 81 87 83 59 81 66 94 92 75 81 72 96 119 119 143 217 245 232 253 252 254 253 251 253 250 254 252 254 253 254 254 254 253 255 253 253 253 253 253 255 253 255 255 255 255 255 255 253 253 
195 190 197 192 193 229 232 229 235 234 235 240 241 241 243 242 242 241 243 242 244 244 242 233 233 223 227 191 104 100 68 67 81 53 71 72 64 72 86 63 54 59 63 67 57 41 53 59 61 78 58 68 69 64 74 85 84 107 111 150 141 151 228 223 230 253 250 253 253 254 254 254 254 254 253 255 253 253 255 254 255 255 255 255 255 255 255 255 255 253 253 253 
190 187 190 194 211 230 230 230 232 234 236 238 241 241 243 240 243 241 241 242 244 240 238 231 203 140 138 151 83 77 127 82 97 58 67 61 60 69 62 41 42 43 43 50 41 45 52 43 44 52 55 70 68 75 73 57 72 89 99 104 99 96 148 193 186 237 245 252 253 253 254 254 253 254 253 253 253 253 253 252 253 255 255 253 255 255 255 255 253 255 253 253 
230 227 229 228 232 231 232 233 234 236 236 237 240 239 241 241 243 239 243 237 241 229 138 67 50 61 68 48 59 74 60 67 46 52 65 52 48 46 54 42 41 36 31 33 31 31 32 33 32 40 56 59 88 84 69 83 80 80 94 84 81 98 131 109 67 111 198 252 252 253 254 254 253 253 253 251 253 253 253 255 255 253 255 253 255 255 255 255 255 252 255 253 
235 232 230 232 233 231 231 233 234 235 237 237 238 240 241 240 241 239 240 240 239 179 91 56 63 62 78 68 48 65 45 48 42 55 59 42 33 54 54 45 31 45 33 32 29 30 29 29 36 37 40 54 72 56 52 58 57 82 87 82 74 107 113 95 70 80 120 224 253 250 254 253 253 253 254 251 253 253 253 253 253 253 253 253 255 255 255 255 255 253 255 253 
237 235 235 231 235 231 231 234 235 235 238 238 239 241 241 239 240 241 238 239 201 79 74 64 66 73 65 55 44 45 31 49 50 45 49 30 34 45 50 42 42 43 34 32 33 25 29 29 38 29 39 40 67 75 63 69 62 55 66 109 99 93 88 69 93 95 110 112 252 252 253 254 253 254 252 251 253 255 253 253 253 253 253 253 253 253 253 253 253 253 253 253 
237 236 236 236 235 234 232 235 235 234 236 236 239 240 236 238 240 240 144 66 64 49 71 52 48 56 49 40 43 36 43 38 71 36 38 31 41 34 31 24 51 34 38 31 26 27 25 28 23 37 32 29 47 44 60 40 42 65 49 70 56 66 111 90 76 103 84 120 131 173 240 253 253 253 253 253 255 253 253 253 253 253 253 253 253 253 253 255 253 253 255 252 
237 238 237 236 236 235 234 234 235 235 235 235 243 238 237 237 241 198 103 61 56 51 83 58 45 54 45 46 38 35 31 38 51 39 34 28 38 30 28 27 31 32 29 28 30 23 22 21 24 29 39 27 42 45 39 28 39 48 47 32 54 80 106 118 84 60 69 92 111 120 163 253 253 253 254 255 253 253 253 252 253 253 255 252 255 253 253 253 253 255 253 253 
237 238 237 235 238 237 235 235 234 237 234 237 237 238 238 235 226 157 88 65 69 45 62 61 45 33 31 41 39 27 38 32 29 34 23 22 23 30 31 27 26 27 26 22 26 24 18 19 24 28 30 23 36 30 32 30 59 31 36 46 53 56 41 53 68 106 85 60 94 113 96 252 253 252 254 253 254 253 253 253 253 253 252 252 253 253 252 253 253 253 253 252 
238 237 238 234 237 237 235 234 235 238 237 235 239 237 237 210 168 99 62 62 48 41 40 61 37 30 29 27 32 25 28 26 26 27 21 20 23 28 22 21 25 23 23 19 22 19 17 21 22 25 33 23 31 24 27 30 44 47 29 65 57 70 54 60 80 102 99 81 69 91 97 160 236 251 253 253 253 254 255 253 253 252 253 252 253 253 255 253 255 253 255 253 
237 237 237 235 236 237 236 236 238 234 236 233 236 238 205 132 111 50 43 50 50 35 37 33 29 25 28 28 27 29 24 22 26 22 25 27 29 22 19 21 22 20 20 18 16 17 21 21 20 24 25 22 30 29 31 30 29 39 51 41 37 35 44 53 60 88 101 66 75 77 52 76 118 135 214 253 249 253 254 253 253 253 253 250 253 253 253 253 253 255 253 253 
237 237 237 236 237 238 237 236 238 236 237 237 238 238 217 121 156 41 48 44 55 46 31 33 30 20 25 31 28 26 19 24 22 18 29 28 26 22 21 21 22 16 22 22 19 19 19 20 19 24 28 23 28 24 27 30 35 35 62 29 26 32 48 39 45 39 50 63 70 68 58 72 130 85 169 232 242 253 254 254 253 252 253 253 255 253 255 253 255 253 255 253 
237 236 238 234 237 236 235 235 237 234 237 233 234 193 96 76 72 40 38 40 32 37 32 23 28 20 27 21 24 19 18 17 19 18 23 20 19 19 20 19 18 15 20 21 20 20 20 20 25 23 25 26 28 31 34 55 26 28 30 33 32 45 63 53 66 97 84 65 74 44 48 81 146 78 101 154 181 206 254 253 253 253 252 253 253 253 253 253 253 253 253 253 
237 237 237 237 237 236 235 233 235 235 238 206 172 174 74 42 47 37 38 38 35 29 29 29 22 21 23 22 21 14 23 19 19 19 20 21 18 19 20 17 15 18 22 17 20 18 20 22 24 23 25 25 30 32 28 20 23 34 29 53 42 39 46 47 50 85 63 57 73 41 46 76 82 59 111 144 136 161 254 254 253 252 253 253 253 253 253 253 253 253 255 253 
236 237 238 237 237 235 235 236 238 236 233 145 182 174 71 64 41 32 31 35 31 27 27 24 19 22 22 20 18 16 18 24 20 20 22 17 21 20 18 18 17 16 19 18 18 18 25 25 24 26 27 32 27 26 22 22 20 32 28 31 36 61 49 53 57 66 73 61 70 88 54 70 58 72 115 151 97 121 252 254 255 253 253 252 253 253 255 253 253 253 253 253 
237 237 236 236 237 236 236 236 237 236 232 113 79 57 51 42 35 28 29 23 28 19 19 22 19 21 22 17 18 18 20 18 21 20 18 17 22 21 21 23 20 19 20 21 26 26 29 28 30 33 30 25 26 31 27 29 35 28 26 28 32 33 44 52 62 79 87 80 75 77 105 43 47 79 149 191 74 73 253 254 253 255 254 251 253 253 252 253 253 252 253 252 
237 237 236 234 238 235 236 237 236 228 231 125 123 47 35 26 28 23 28 24 27 19 19 21 21 21 18 23 19 19 21 19 21 19 21 23 24 25 22 21 21 25 22 30 28 30 34 34 40 42 35 31 32 29 44 40 28 33 43 33 31 32 42 54 55 79 76 77 94 83 92 41 73 119 116 143 74 59 252 253 253 253 254 254 253 255 252 253 252 254 253 253 
238 237 238 235 238 234 237 237 237 222 223 195 141 56 31 25 24 25 27 19 27 21 18 18 19 19 20 21 26 27 29 33 31 44 41 39 46 42 45 44 45 43 38 53 42 46 57 60 60 52 56 51 52 58 69 61 69 47 46 64 63 51 48 62 51 59 70 43 52 93 38 38 68 96 94 92 64 60 227 253 253 253 252 253 253 253 253 252 254 254 255 253 
237 235 236 236 238 235 236 237 236 219 217 209 83 38 29 23 25 23 22 21 22 18 17 16 18 21 26 31 30 33 41 46 48 52 55 55 59 58 62 59 56 55 55 51 48 59 61 67 70 58 60 64 69 76 92 98 78 78 65 62 53 58 47 39 36 54 48 68 57 46 43 76 50 80 65 65 65 57 253 254 253 255 253 251 255 255 254 255 255 254 253 253 
236 234 237 236 236 235 236 237 240 219 206 109 45 34 25 24 24 22 22 19 19 16 18 19 26 27 33 46 56 60 67 71 76 79 79 81 84 79 84 75 81 81 87 82 84 78 92 92 91 75 67 68 82 100 97 114 121 93 95 82 79 72 51 56 53 56 59 44 92 104 82 46 75 64 75 66 70 100 253 254 255 253 255 252 255 255 255 253 255 253 255 255 
237 234 235 235 236 235 236 237 238 228 185 57 45 25 30 25 22 22 20 15 19 18 20 20 30 32 39 56 66 77 83 83 91 91 92 90 94 91 90 90 90 93 102 98 101 100 100 103 102 87 77 80 85 90 97 108 111 102 103 95 89 82 70 67 56 51 61 73 71 72 76 51 33 49 60 79 129 153 253 254 253 253 252 253 253 253 253 253 253 252 253 253 
236 234 238 237 235 237 235 236 236 235 221 48 37 25 26 23 21 22 20 16 18 25 29 33 40 47 60 69 74 88 95 101 98 104 106 105 106 107 106 111 114 116 122 118 122 120 118 119 117 112 108 106 98 101 103 104 102 117 118 153 146 137 105 96 84 64 56 65 67 48 57 62 65 78 80 85 113 142 253 254 253 252 253 253 253 255 253 255 253 253 253 252 
236 235 237 237 235 237 236 236 236 232 231 47 33 30 21 24 21 22 20 17 18 29 35 40 51 55 57 74 81 86 98 103 102 112 109 112 113 113 112 115 122 124 126 126 128 126 129 130 130 128 131 126 122 127 125 126 138 142 153 152 159 155 125 108 106 89 62 63 39 78 95 67 82 79 86 80 148 200 253 254 253 252 253 252 253 253 253 253 253 252 255 253 
235 235 236 233 234 236 236 235 240 235 235 51 33 27 23 25 20 17 18 18 22 44 46 54 60 60 64 79 81 88 99 103 106 113 117 116 118 119 117 119 128 130 134 136 138 136 135 135 137 138 141 138 133 134 141 155 170 174 189 189 184 173 156 140 126 113 103 72 42 65 38 39 49 44 57 83 124 244 253 254 253 253 253 253 253 253 253 253 253 253 253 253 
235 234 236 236 235 238 237 235 240 235 224 40 31 27 24 20 20 21 18 21 29 50 56 58 66 63 69 75 83 91 101 104 109 112 115 117 119 118 120 121 131 134 135 140 143 143 137 138 139 140 143 141 145 145 147 163 171 179 194 195 186 182 160 155 141 126 122 80 70 60 87 38 45 51 50 76 119 240 251 254 253 253 253 253 253 253 253 253 253 253 252 253 
235 234 234 236 234 237 235 237 238 236 226 46 29 30 25 24 22 17 22 21 34 51 58 61 65 66 68 79 84 89 99 104 108 110 113 114 119 118 121 126 132 134 139 141 144 149 147 148 146 147 145 147 146 148 153 164 171 177 192 191 190 184 170 162 157 136 115 92 66 49 34 57 62 78 75 95 122 247 253 254 253 253 253 253 253 253 253 253 253 253 255 252 
233 235 235 234 233 235 234 235 236 235 237 59 38 32 31 26 22 16 21 30 37 58 61 65 67 75 69 77 83 88 101 104 109 114 116 118 126 126 126 130 134 138 140 140 146 150 150 151 151 155 155 154 156 158 157 162 178 182 186 187 186 183 180 177 174 167 164 139 85 64 48 31 39 80 100 105 86 250 253 254 253 255 253 253 255 253 255 255 255 253 253 255 
234 235 235 233 236 233 237 235 235 233 237 109 40 36 25 24 22 22 23 26 36 61 64 67 66 69 71 79 86 94 105 108 112 115 121 121 128 128 132 136 141 138 140 141 147 147 149 151 153 156 158 155 161 162 165 170 181 185 188 185 182 181 180 180 179 164 169 157 100 76 54 44 46 62 102 95 99 249 253 254 253 253 255 253 255 253 255 255 255 253 253 255 
235 234 233 233 232 237 235 234 237 234 238 212 51 41 30 27 25 23 26 30 50 65 65 65 66 67 69 80 91 92 108 110 117 127 129 131 141 142 145 145 150 149 152 144 148 148 147 147 151 159 160 161 166 170 175 188 196 194 194 190 190 185 183 179 180 177 178 169 124 97 70 56 49 63 104 95 93 245 254 254 253 253 253 252 253 253 253 255 255 253 255 253 
234 234 232 233 233 236 234 233 234 233 236 229 58 38 30 25 23 25 28 37 56 63 64 65 64 66 69 77 92 100 113 115 123 127 129 134 141 143 147 148 150 152 152 146 149 149 150 151 150 160 164 164 171 173 177 187 193 194 195 194 191 188 185 182 181 176 180 170 131 95 83 60 72 75 86 104 139 253 254 254 253 253 253 253 253 255 253 253 255 253 253 255 
233 235 235 233 234 235 234 234 233 234 237 239 60 44 26 28 27 29 43 57 66 65 60 66 69 70 82 92 99 103 116 121 126 132 137 135 141 145 150 152 154 154 152 148 151 150 152 153 155 160 164 165 175 175 182 188 202 205 203 196 195 190 185 184 182 182 179 180 149 125 101 84 85 72 83 121 253 253 252 255 255 253 255 253 253 253 253 253 255 253 255 255 
235 234 236 233 234 235 236 233 233 234 238 231 66 35 29 24 24 39 52 60 62 63 65 66 70 71 85 93 100 105 121 122 123 132 133 132 142 143 144 150 153 151 154 150 152 150 154 153 152 158 164 163 172 175 180 188 195 203 205 202 197 195 185 182 182 180 179 179 161 137 105 71 74 78 81 141 254 254 253 253 253 253 255 253 255 253 253 253 255 253 255 252 
233 233 234 233 232 234 234 233 232 234 233 232 127 41 25 26 30 55 64 67 66 61 65 73 89 90 94 104 105 108 109 116 120 123 124 123 130 135 136 142 146 150 151 152 154 152 153 153 159 157 158 157 165 171 172 171 190 201 205 202 200 196 194 189 187 181 180 177 177 164 138 71 68 71 81 194 252 254 253 253 252 253 253 255 253 255 252 253 253 253 253 253 
232 232 233 232 233 233 233 233 232 235 234 234 186 52 29 27 30 59 66 62 68 62 74 80 81 83 83 85 93 92 100 108 109 116 120 123 122 125 130 137 143 146 148 152 149 148 150 152 158 155 156 157 158 162 163 165 171 185 192 196 192 195 187 186 185 181 179 178 177 171 160 80 64 75 114 242 254 254 254 253 253 253 253 253 253 255 252 253 253 253 253 255 
231 232 233 231 232 232 233 235 233 233 235 227 222 49 27 31 40 65 67 64 66 67 69 76 67 72 80 77 85 78 79 93 90 94 109 109 109 117 120 131 141 144 145 146 144 137 147 150 151 155 158 153 151 149 150 157 160 159 164 174 174 188 181 175 173 180 184 182 179 176 172 93 65 74 112 253 254 252 254 253 253 250 253 252 253 255 253 253 253 255 253 253 
233 232 232 234 232 232 234 235 233 232 236 232 239 131 42 32 70 67 63 66 44 33 35 38 35 28 26 32 35 36 35 43 51 56 71 76 93 88 92 110 129 132 136 135 133 131 138 140 142 142 144 136 129 131 137 137 122 102 115 118 122 106 125 118 120 133 141 146 189 187 185 140 62 67 115 253 254 254 253 254 253 252 253 252 253 253 253 255 255 252 255 252 
235 233 231 232 233 232 233 233 234 232 236 233 236 217 41 40 88 67 70 38 30 29 29 28 25 22 23 22 24 26 31 29 39 49 49 55 74 72 90 103 125 125 121 130 127 123 132 138 140 130 128 119 116 101 94 90 75 58 56 71 80 76 81 88 90 86 106 114 171 189 185 158 53 88 130 253 254 252 254 253 253 253 252 252 253 253 255 253 253 253 255 252 
233 233 233 231 232 232 233 232 229 231 234 233 235 231 51 53 96 45 37 31 29 23 22 21 23 21 18 19 19 17 18 22 20 27 30 32 46 55 60 79 104 104 106 108 114 117 128 131 125 95 93 65 56 49 57 43 33 29 27 24 24 31 46 51 61 88 78 75 100 122 186 195 61 85 199 254 253 254 253 252 253 252 253 252 255 253 253 253 253 253 253 253 
232 231 232 230 235 231 232 232 230 230 233 235 234 234 65 68 89 42 38 35 32 28 27 25 23 22 20 18 20 22 19 18 21 22 28 28 36 47 54 76 94 97 103 112 117 116 128 121 103 70 61 64 41 37 35 28 28 26 31 28 33 42 37 52 60 78 69 82 92 103 131 203 88 99 244 254 254 254 254 252 253 253 253 253 253 253 253 253 253 253 253 253 
230 231 232 234 232 231 231 230 231 232 233 231 234 230 166 91 90 62 54 45 39 44 43 40 41 39 44 41 37 30 30 24 21 28 29 28 33 35 46 54 78 81 89 111 115 123 123 103 90 66 63 48 52 36 35 30 36 42 44 62 62 80 98 118 107 108 96 89 105 117 133 202 136 130 251 252 252 254 254 252 254 254 254 254 253 253 253 253 253 252 253 252 
229 231 231 232 234 229 231 231 230 233 234 232 235 227 184 107 92 68 54 46 46 46 46 43 41 42 45 48 45 47 38 31 32 30 31 30 34 45 44 54 64 71 84 105 122 122 123 105 81 72 65 52 50 55 54 47 50 52 61 74 91 88 111 117 119 126 113 111 117 145 161 200 155 134 240 252 251 253 254 252 254 253 254 254 253 253 254 253 252 252 253 252 
230 231 232 232 234 231 231 229 231 230 232 233 233 233 183 115 93 74 61 53 52 56 52 49 50 45 48 49 52 51 49 44 37 30 28 26 30 34 40 46 59 64 77 108 128 140 121 115 102 72 60 55 50 50 53 52 66 72 83 108 111 111 116 121 135 146 145 140 143 156 164 203 190 150 240 253 253 253 254 253 254 254 253 253 255 255 254 254 253 252 253 253 
230 230 232 233 231 230 230 229 231 234 231 233 232 235 183 108 89 70 68 58 57 56 52 47 45 48 52 46 52 51 49 46 38 28 26 19 21 20 33 40 53 63 79 120 135 156 135 121 101 57 46 43 43 48 52 49 56 61 72 83 90 96 113 116 120 147 151 152 149 158 165 202 197 130 185 254 253 253 254 253 253 254 253 254 254 253 254 253 253 252 253 252 
233 232 234 229 230 231 233 233 233 227 234 232 234 234 84 110 88 70 63 58 55 53 53 47 41 37 35 29 27 28 27 28 26 20 18 16 20 18 22 35 51 68 91 134 156 168 152 134 110 45 38 34 39 40 37 38 35 35 33 39 42 50 75 95 110 141 148 149 155 170 180 199 202 110 121 252 253 253 254 253 254 253 254 253 253 253 253 254 254 253 253 252 
233 231 230 228 232 231 231 231 232 230 232 233 234 234 65 106 81 63 60 47 43 38 37 41 44 41 45 40 42 41 35 28 26 21 19 19 19 19 18 22 62 95 119 149 170 191 175 157 121 42 34 30 28 35 39 36 50 51 66 97 119 132 131 144 152 98 103 106 143 166 174 197 204 111 91 252 252 253 254 253 254 254 254 253 253 253 254 254 253 253 253 253 
230 231 231 231 232 232 232 232 232 230 233 232 233 232 67 105 83 60 55 46 41 36 35 34 37 27 26 19 20 15 13 12 15 17 19 15 21 18 22 22 72 99 117 158 170 184 180 164 140 45 33 30 28 30 32 37 15 15 30 26 34 51 73 85 117 89 111 128 145 165 178 194 201 117 93 251 250 254 252 251 254 254 254 254 253 253 254 254 253 253 253 254 
231 229 230 229 231 230 230 232 231 228 231 235 230 235 61 97 77 63 57 53 47 32 23 23 22 24 53 16 17 14 12 12 31 37 23 19 18 22 23 38 88 105 128 162 169 182 182 178 166 102 30 24 31 39 57 56 23 22 15 20 39 109 71 67 60 85 138 159 171 182 185 198 201 162 98 252 251 254 253 252 253 254 254 254 255 255 253 254 253 253 253 254 
230 227 230 229 232 231 231 231 229 229 231 231 233 228 65 92 80 62 59 57 54 39 44 40 29 28 35 23 15 17 12 21 39 25 21 21 25 24 28 53 89 106 129 159 169 179 185 181 171 115 57 39 31 33 33 43 13 19 20 23 68 112 157 113 102 161 176 175 177 182 188 196 199 179 98 254 254 253 253 251 254 254 254 253 255 254 254 254 253 253 253 253 
228 230 230 230 229 230 230 230 229 229 231 233 232 219 89 92 78 68 64 64 60 49 48 42 38 36 33 29 36 34 37 30 31 27 25 28 30 34 49 59 80 109 127 156 169 178 187 185 181 163 146 100 49 55 55 52 53 64 68 74 70 80 107 118 125 154 158 163 179 182 189 196 201 202 115 253 252 253 252 252 253 254 253 254 255 253 254 254 253 253 253 253 
229 228 231 228 229 230 230 230 229 229 230 232 229 217 106 88 78 67 64 64 60 50 48 46 34 33 32 31 29 29 27 24 26 30 28 28 37 47 53 65 79 106 128 155 170 179 185 185 183 170 163 145 75 63 58 56 56 54 58 68 71 89 111 121 123 155 169 171 182 185 191 197 203 207 108 252 251 253 252 252 252 253 254 254 255 254 254 254 254 253 254 253 
229 228 228 227 228 231 229 229 229 231 230 231 232 216 106 87 80 77 75 73 70 69 66 62 58 59 55 49 52 50 46 46 44 44 38 44 51 53 58 64 78 105 120 153 167 180 185 186 185 180 176 173 149 123 112 114 108 103 105 115 120 132 150 157 164 171 180 184 187 189 194 200 200 208 132 249 252 253 252 251 252 252 254 253 254 254 253 253 252 255 253 253 
230 228 227 229 229 231 228 229 231 229 231 229 233 216 109 86 81 75 74 73 79 71 72 69 67 69 62 54 55 53 50 50 53 42 48 51 54 54 59 68 82 100 118 155 168 181 188 185 186 174 177 176 169 155 136 130 127 127 130 138 145 151 165 168 176 186 189 192 194 194 196 198 204 204 151 251 252 253 251 252 253 252 253 253 255 255 254 254 255 253 255 254 
226 226 228 227 229 229 229 228 230 229 229 230 233 209 111 88 83 77 76 76 80 74 77 77 81 79 78 73 71 67 58 56 53 57 56 58 57 55 65 67 82 94 113 152 166 182 191 187 188 178 175 179 179 179 175 164 146 138 138 140 145 148 162 164 176 183 195 195 198 196 194 199 203 204 164 249 251 252 253 251 252 251 253 253 254 254 254 254 255 254 255 253 
228 227 225 226 228 228 229 230 230 229 230 227 217 191 107 86 81 75 72 80 84 93 94 93 97 97 97 89 86 82 74 68 69 62 64 59 53 55 67 70 77 91 109 151 165 183 191 190 189 183 173 174 187 191 188 189 186 182 173 157 152 148 153 158 162 180 196 197 191 188 191 200 201 205 188 240 252 252 253 252 252 251 252 252 253 254 254 254 254 254 254 254 
227 226 227 226 228 230 228 230 231 229 231 229 226 181 112 90 82 76 75 72 80 94 94 96 98 96 100 99 96 92 80 73 70 68 66 65 54 57 64 69 78 87 109 151 164 178 196 193 188 183 170 171 185 190 194 190 188 185 186 170 164 160 155 158 160 174 183 184 186 184 187 199 201 205 197 239 251 252 253 252 252 252 252 252 253 253 254 254 254 253 254 254 
227 226 228 225 230 229 228 228 227 228 228 229 222 172 101 89 86 77 73 75 75 92 102 101 106 107 106 102 100 92 78 74 70 69 67 60 55 58 60 59 62 87 104 144 156 169 206 195 192 174 167 163 173 181 184 189 191 191 190 185 183 181 179 173 173 166 169 169 177 184 187 198 199 203 197 241 252 252 253 253 252 252 252 251 254 253 254 254 254 254 254 253 
226 226 227 225 228 229 229 229 227 230 227 230 234 200 105 87 83 76 74 74 76 89 96 106 110 111 110 100 96 90 74 75 71 70 64 52 62 63 66 68 75 86 97 141 151 178 207 194 192 176 169 169 167 172 182 187 186 187 186 187 183 183 179 180 179 181 179 177 182 186 189 196 201 205 200 242 252 252 252 252 251 252 253 251 253 252 252 252 253 253 251 252 
227 227 227 226 228 230 228 228 228 227 230 228 232 209 103 89 80 74 76 69 79 91 96 103 109 107 106 97 94 85 77 73 72 67 57 71 77 73 71 70 76 81 93 135 145 163 186 189 194 188 182 181 196 193 161 166 174 177 179 181 179 176 185 187 187 186 185 185 185 188 190 196 201 203 200 251 253 252 253 253 252 252 252 253 252 252 252 253 254 253 252 252 
226 227 228 226 227 229 229 227 227 227 229 229 234 208 98 86 83 77 74 74 81 93 98 103 108 104 101 97 95 83 76 73 71 65 65 74 76 74 66 69 72 77 89 124 143 153 171 179 185 186 178 181 185 190 156 153 173 170 171 180 180 182 188 189 189 188 186 185 187 187 190 197 198 203 196 253 252 253 253 252 252 251 252 252 252 252 251 252 251 252 252 253 
227 226 226 224 230 228 228 228 228 227 228 227 233 194 100 80 82 75 77 76 74 86 93 95 100 98 98 90 87 81 76 73 69 61 72 69 68 61 62 63 64 67 71 93 119 128 150 158 170 163 140 120 141 168 174 146 155 158 164 170 173 179 184 186 186 188 189 190 187 189 190 196 198 203 190 252 252 253 253 251 253 251 253 251 252 252 253 253 253 250 253 251 
227 226 224 225 225 229 227 228 228 226 226 230 230 172 98 80 75 78 75 76 76 82 89 90 95 97 97 86 85 81 76 70 68 64 65 66 49 43 55 57 62 66 67 82 101 115 137 150 164 45 18 22 118 166 178 161 151 159 162 169 175 176 180 184 184 184 186 189 191 190 188 195 199 203 182 249 252 252 253 251 253 253 252 252 252 251 253 253 253 251 251 252 
227 225 225 224 227 227 228 228 226 225 227 226 228 188 102 85 78 75 79 78 77 82 83 91 95 95 89 83 83 82 74 68 66 65 58 52 27 19 17 15 44 65 65 70 80 102 123 138 70 24 32 40 99 158 191 167 152 160 162 169 173 179 174 180 181 183 185 189 190 190 190 193 196 203 166 252 252 252 252 251 252 252 253 253 252 252 252 252 253 252 250 252 
225 224 226 225 227 227 226 228 226 225 226 227 229 193 97 89 80 76 76 76 75 79 81 88 85 85 86 78 73 77 72 70 69 63 58 45 36 42 40 46 37 33 36 66 72 77 112 123 134 121 96 78 173 188 191 193 166 158 160 169 173 169 173 172 175 183 186 187 187 192 191 192 196 197 134 252 250 252 253 252 253 253 252 250 252 251 252 253 253 250 253 251 
223 223 225 224 227 227 229 227 226 224 227 229 228 186 88 90 81 75 72 76 77 77 80 77 80 81 82 71 76 76 72 72 68 62 56 55 33 36 39 42 46 43 38 60 64 84 118 143 142 125 104 102 183 189 192 190 177 163 158 163 170 170 171 171 174 179 183 185 187 189 191 192 196 190 118 251 249 252 252 251 252 253 252 250 252 253 252 253 252 252 252 252 
222 223 224 223 226 226 227 225 225 224 225 229 229 214 76 87 75 77 75 74 73 75 74 72 76 74 75 73 73 70 73 71 69 66 62 56 48 41 42 41 40 44 55 48 55 73 128 142 137 161 162 166 185 185 187 190 185 182 176 165 172 170 172 169 172 175 180 182 184 188 191 189 193 180 119 251 250 252 251 252 251 251 252 252 253 253 252 253 252 251 251 249 
222 223 224 224 226 226 223 223 225 224 226 229 230 220 70 86 76 77 74 72 76 73 72 71 75 72 73 71 70 68 75 68 67 63 62 58 50 47 48 39 29 44 56 54 50 56 110 128 126 167 172 174 181 186 189 188 190 188 176 170 170 173 170 171 171 176 177 181 189 187 189 190 190 168 129 250 252 250 252 250 252 252 252 252 253 253 252 252 252 252 250 250 
222 222 224 223 224 224 223 224 224 226 226 226 230 230 84 78 76 73 67 70 73 70 74 69 71 65 70 66 66 66 63 53 55 50 43 45 30 24 20 18 26 48 79 70 46 42 71 86 80 78 107 94 146 151 165 167 174 174 170 170 171 169 171 171 171 174 174 177 183 185 186 183 178 122 201 251 249 252 251 250 248 250 251 252 253 253 252 251 251 252 253 252 
224 223 223 221 225 225 225 225 226 224 227 225 233 228 89 74 73 66 71 73 72 70 70 71 71 65 65 63 60 49 51 40 33 34 34 28 24 20 15 20 38 66 100 70 44 38 78 87 76 83 77 83 98 97 142 130 143 144 156 146 170 172 169 170 170 173 175 175 183 184 185 175 162 106 195 249 252 247 252 250 251 250 252 250 252 252 252 253 251 251 253 251 
220 219 222 223 224 225 225 226 224 226 225 228 231 229 142 63 72 67 67 68 69 65 65 67 65 63 62 44 37 35 26 28 25 21 26 27 21 26 24 28 58 107 136 77 47 51 87 108 86 77 74 77 89 96 73 66 77 62 69 108 145 161 168 168 166 168 172 173 177 178 177 170 121 154 245 251 248 252 250 249 250 249 250 249 253 253 253 252 253 250 253 251 
221 222 222 222 225 224 226 225 224 224 225 226 230 228 161 62 71 72 63 64 67 64 65 67 65 64 61 40 28 25 25 29 25 20 28 31 27 26 29 56 103 138 142 99 85 87 103 143 111 91 91 97 104 76 68 63 67 56 76 85 118 146 169 171 167 168 173 171 175 174 172 155 100 179 249 250 249 249 249 249 250 246 251 249 253 253 253 252 251 250 251 250 
221 221 220 222 224 225 225 226 224 223 228 227 230 230 218 89 57 71 68 61 65 64 62 64 64 61 54 24 26 23 24 27 23 24 33 34 31 41 49 58 73 114 136 134 137 139 132 135 122 121 102 111 106 79 67 62 54 58 54 73 96 131 169 170 169 168 171 169 171 170 168 164 94 202 250 247 250 250 250 249 249 249 251 248 252 253 253 252 252 250 251 249 
219 220 220 221 222 222 223 224 224 224 225 225 229 226 227 196 52 67 68 56 62 65 64 63 63 61 41 20 24 27 31 27 30 37 44 50 43 37 37 39 42 37 45 74 110 100 68 77 71 64 85 120 137 112 95 74 57 50 51 67 99 84 146 168 167 170 171 169 158 166 164 91 154 247 247 248 248 248 249 250 250 249 249 249 250 250 251 253 252 250 251 252 
220 220 221 220 223 223 223 224 225 225 223 226 226 224 225 215 95 77 64 58 64 65 60 65 61 55 29 25 26 35 29 28 38 45 52 42 40 37 39 39 38 37 37 56 89 94 64 79 67 64 62 64 103 111 109 85 58 52 58 84 96 102 139 163 166 169 171 166 159 159 168 81 194 247 246 249 248 249 249 249 250 249 249 249 250 250 252 252 252 250 253 251 
220 220 221 220 220 221 222 225 224 224 225 225 226 225 224 227 184 56 71 62 55 65 70 62 56 50 42 37 44 38 26 22 18 21 19 23 21 25 20 23 24 27 32 37 51 86 34 40 34 30 38 24 38 40 36 29 34 31 42 91 87 99 152 162 162 165 168 155 134 158 151 164 244 246 248 248 249 248 248 249 249 247 247 246 248 249 249 250 252 251 250 250 
220 221 223 219 222 222 223 224 223 225 224 225 226 224 225 224 220 56 62 74 64 60 68 60 60 50 45 41 42 38 32 27 28 35 38 38 45 39 36 39 36 30 27 29 31 43 96 108 128 132 134 116 94 89 47 22 25 44 52 95 103 112 159 163 166 160 156 153 148 149 98 229 243 249 246 251 248 248 250 250 249 248 246 248 248 248 249 250 251 252 251 251 
220 220 223 219 222 224 223 223 226 224 226 224 227 224 225 226 231 80 49 53 67 60 64 61 64 59 58 40 43 41 40 38 42 37 45 42 55 59 67 79 88 99 113 102 122 112 160 143 135 127 130 128 125 143 133 127 77 56 58 89 104 119 159 164 161 154 152 142 150 114 69 244 247 248 249 249 249 249 251 250 250 248 250 247 250 249 249 249 253 250 251 251 
219 219 221 220 222 224 223 225 225 224 225 223 227 227 228 226 231 101 47 45 64 55 55 53 59 64 60 40 46 44 45 46 42 42 43 45 47 46 57 74 85 95 113 97 130 113 108 157 138 114 121 118 134 135 136 132 111 95 84 94 103 122 159 161 158 148 150 142 139 79 107 250 248 247 249 248 250 250 250 250 250 248 248 247 249 249 249 248 250 250 251 251 
219 219 219 219 220 222 223 222 223 224 224 223 226 226 227 226 230 209 91 45 44 64 64 56 57 54 52 40 43 49 40 47 48 50 52 48 54 52 53 51 62 74 76 74 80 80 100 93 95 103 113 124 138 141 139 138 131 125 105 93 101 107 142 146 150 146 140 129 91 120 239 247 247 247 248 249 249 249 249 248 249 249 251 248 249 247 246 250 250 248 251 249 
216 215 218 218 220 223 221 222 223 223 222 222 226 224 226 225 231 215 125 77 45 54 57 61 59 54 48 42 43 42 51 48 49 46 48 48 51 52 54 55 60 69 74 74 78 77 97 103 100 109 117 124 131 135 134 136 129 123 111 95 99 99 132 141 141 140 133 122 73 204 246 251 247 247 247 248 249 249 247 249 248 248 250 248 250 249 249 250 251 249 251 249 
217 217 220 219 220 222 220 220 222 222 218 219 218 221 222 225 220 221 222 103 47 39 46 38 46 44 47 34 35 35 44 49 50 49 46 45 42 35 32 30 24 28 42 47 46 40 52 56 56 60 86 98 115 120 122 123 108 84 86 97 94 98 123 133 130 123 108 79 138 219 248 248 247 248 247 247 248 248 249 248 248 246 251 249 250 251 251 248 250 249 250 250 
216 216 218 219 220 219 220 220 220 221 219 221 223 222 225 224 222 223 230 201 79 33 33 35 37 43 42 29 32 31 37 45 48 47 47 44 39 37 26 23 15 20 19 26 20 18 31 35 41 53 67 86 105 107 111 110 90 81 81 76 97 81 121 126 119 101 87 79 181 221 247 247 248 248 247 247 247 248 249 248 247 247 248 250 249 249 249 248 249 250 249 251 
214 214 218 216 221 219 220 219 220 218 221 221 222 225 225 225 227 228 228 227 146 32 31 33 33 34 36 26 31 32 34 46 46 51 46 45 42 26 26 25 15 16 16 27 25 26 32 38 39 55 67 71 96 97 103 92 86 65 68 73 67 71 112 112 106 79 75 79 249 248 248 249 248 248 248 248 250 248 248 248 248 249 248 248 250 250 251 249 252 250 249 249 
214 216 216 216 218 220 219 220 221 222 221 223 227 226 225 225 230 227 230 215 222 42 36 30 23 28 28 26 23 23 26 28 35 42 42 40 38 34 34 34 26 26 29 35 37 42 59 55 55 60 64 68 84 82 72 57 49 56 43 53 50 55 66 71 83 57 125 163 242 250 245 248 247 248 248 248 248 250 249 248 248 249 246 247 251 250 248 250 249 249 249 249 
216 215 217 215 219 219 219 220 221 221 224 225 225 226 225 226 230 230 231 229 229 57 29 29 24 24 26 23 24 24 23 26 29 34 39 41 41 39 37 37 39 40 37 51 62 62 88 82 80 76 82 79 84 76 64 53 43 41 43 51 59 48 50 49 47 85 144 196 241 245 247 246 247 248 247 249 249 250 248 250 249 247 249 248 249 247 250 248 250 247 249 250 
216 215 219 216 220 220 219 219 222 220 221 223 222 227 225 225 227 224 231 210 107 72 39 29 23 23 23 20 24 23 19 23 26 35 33 39 40 44 45 45 49 41 50 74 75 101 103 114 113 118 110 88 81 53 52 39 44 29 34 36 37 42 53 51 55 161 240 243 250 247 245 246 247 247 247 248 249 249 249 248 249 249 249 248 250 250 250 249 250 250 249 248 
214 215 216 218 220 217 219 221 220 220 220 223 222 222 226 226 223 228 228 73 51 78 54 28 29 25 28 23 23 22 17 22 24 33 30 33 36 47 45 44 51 46 52 61 67 77 105 110 123 127 124 101 78 52 39 43 33 35 30 39 52 40 54 61 66 185 242 244 246 248 247 245 248 246 247 246 248 249 248 248 247 249 249 249 248 250 250 249 250 250 249 249 
213 212 215 216 217 218 219 220 220 217 222 219 225 224 123 144 116 74 85 46 38 65 50 37 30 24 26 24 22 20 20 21 22 24 27 26 38 40 43 53 39 48 50 65 61 72 83 104 114 113 92 77 76 58 48 39 48 33 31 40 32 37 50 70 97 198 248 245 248 247 245 244 247 245 245 247 247 247 248 248 248 248 248 246 248 247 249 250 250 248 249 247 
211 212 216 215 216 219 220 220 221 220 221 222 158 113 66 101 89 90 69 37 45 66 57 46 32 24 25 20 20 18 23 19 22 27 27 28 34 37 37 49 44 49 51 55 66 51 78 97 113 95 79 69 59 55 71 45 48 36 27 35 33 41 67 134 166 174 167 243 244 247 248 250 246 245 248 247 246 247 247 248 248 247 248 248 249 249 248 249 249 248 250 249 
211 213 213 213 214 216 217 218 180 122 111 110 115 56 104 92 84 79 46 33 56 61 57 53 45 41 28 21 21 19 19 20 21 27 27 25 31 38 38 36 47 40 46 44 31 47 65 68 82 70 67 60 48 53 38 50 38 37 29 42 37 68 154 160 163 188 25 110 196 196 205 249 246 245 245 246 248 249 245 247 246 248 248 247 250 249 249 248 248 249 248 249 
210 207 213 214 215 219 217 214 133 79 87 100 102 56 87 86 85 73 39 34 51 55 52 56 45 46 41 19 21 21 18 19 22 23 25 23 30 31 32 37 45 40 32 32 37 42 62 59 65 59 54 56 43 33 28 25 32 34 30 35 48 101 151 162 165 181 126 12 205 176 197 193 239 245 247 246 246 248 248 248 246 245 248 247 249 250 249 249 249 249 248 247 
209 206 210 204 188 154 142 137 121 101 102 100 73 52 92 82 80 71 33 38 56 55 52 50 50 48 41 27 25 23 21 19 20 22 24 22 30 30 38 30 45 35 33 33 31 38 38 49 53 43 44 39 33 33 34 28 37 37 49 45 80 144 158 167 164 177 128 111 149 206 172 204 196 206 232 247 246 245 249 247 247 248 248 249 249 247 248 248 249 249 248 248 
126 131 124 116 119 114 120 112 107 91 100 98 44 74 81 77 88 53 31 36 51 54 50 51 51 47 42 40 40 32 21 18 19 21 21 18 23 21 28 24 25 24 22 22 23 32 32 35 36 31 29 31 27 22 31 30 30 28 33 82 147 152 163 166 165 172 129 172 21 127 190 188 202 120 216 209 192 248 245 247 248 248 247 247 251 250 249 249 248 247 249 249 
122 122 112 113 111 111 111 114 97 95 90 74 53 95 84 70 87 47 26 33 43 53 55 51 48 49 48 40 43 36 24 18 19 19 20 20 21 23 19 22 25 22 21 17 23 21 40 31 29 27 25 23 21 21 27 30 29 29 57 131 151 156 159 167 167 170 126 167 113 42 173 177 197 152 201 211 208 221 246 245 247 245 247 245 248 249 250 247 249 246 247 245 
120 115 114 112 112 109 111 100 91 85 92 36 56 86 80 74 77 43 41 38 52 50 51 53 48 48 47 44 47 46 39 33 26 19 18 18 20 16 20 19 21 17 17 16 17 18 26 20 24 28 18 22 29 23 22 33 110 132 141 141 156 158 161 160 165 172 122 175 158 78 58 189 184 201 192 202 212 203 206 204 204 202 207 213 234 237 238 245 245 245 247 248 
117 115 113 114 116 112 108 95 91 90 89 43 73 92 75 73 82 36 45 44 42 50 48 49 49 47 47 45 46 44 41 37 35 20 20 17 17 17 21 18 17 19 16 17 20 20 20 19 22 25 29 29 30 30 41 78 133 136 143 152 156 158 159 158 164 168 105 169 164 123 28 185 194 179 209 206 206 213 189 207 204 200 198 196 196 198 196 194 194 195 193 193 
117 112 110 110 108 108 96 90 87 92 97 45 99 80 76 81 80 35 44 46 35 46 48 48 51 47 51 47 48 46 39 41 42 39 35 31 24 20 19 17 18 17 18 18 22 21 22 19 23 19 28 40 70 85 119 126 140 140 146 148 153 156 159 159 162 158 103 171 168 165 82 157 184 195 183 87 206 191 186 182 204 200 196 193 192 192 192 189 189 184 186 187 
105 114 111 111 113 98 91 82 89 86 100 54 94 81 76 79 78 36 44 48 35 48 43 47 49 49 50 49 47 43 46 42 41 43 38 36 30 25 24 23 26 22 24 27 26 30 34 39 44 59 66 94 113 122 127 132 138 143 144 150 152 154 158 160 163 135 120 170 170 171 116 151 173 196 179 197 91 208 190 186 185 202 196 196 195 194 192 191 188 188 182 181 
109 108 113 105 106 90 80 79 84 85 80 76 86 79 78 74 74 40 54 58 47 57 50 48 50 48 53 45 48 48 43 45 44 43 46 37 40 39 38 35 43 39 37 40 43 45 58 65 74 99 103 109 124 127 130 131 140 144 146 150 153 154 159 157 161 96 158 167 171 174 164 102 175 185 182 198 186 84 195 198 189 202 200 196 197 196 194 190 190 185 182 181 
107 112 103 102 106 90 87 88 81 91 54 85 81 76 81 79 70 42 54 59 54 52 56 54 46 48 47 49 51 47 51 47 42 46 44 39 42 43 36 41 39 42 44 42 50 58 73 77 87 101 114 119 125 126 133 140 142 146 147 151 153 154 157 157 156 74 163 170 172 175 175 69 165 181 203 185 205 85 188 202 192 191 201 197 199 195 196 192 187 186 179 181 
108 102 105 106 105 86 82 84 89 96 50 104 81 73 77 81 69 41 60 59 56 51 54 51 49 42 51 47 46 51 48 45 45 46 43 40 43 45 47 43 40 39 43 49 56 66 73 82 92 107 115 118 128 133 133 139 145 147 149 147 156 155 154 160 161 71 166 169 174 180 173 62 162 177 204 184 194 142 200 189 187 184 201 198 199 198 196 192 189 185 184 181 
101 105 103 98 93 79 78 79 84 101 42 93 79 80 74 74 74 52 62 67 67 51 62 55 54 53 53 42 50 53 52 49 52 48 49 46 54 49 51 48 49 53 60 71 79 92 101 109 111 119 123 128 139 139 141 143 147 147 153 152 155 159 166 164 162 106 171 171 184 184 185 58 136 173 197 167 200 203 152 193 189 192 188 195 201 199 198 193 191 187 187 181 
103 105 100 95 88 83 87 84 87 84 41 88 82 83 77 79 72 54 68 64 62 55 61 56 54 54 52 53 49 50 51 51 46 47 50 48 59 50 55 58 55 63 62 80 93 98 113 113 112 123 125 130 137 140 139 142 152 150 151 156 161 165 165 165 162 140 172 176 185 186 182 66 128 183 189 159 177 207 55 212 179 192 188 188 202 199 198 194 192 190 185 184 
96 99 89 86 83 88 94 85 94 45 50 90 78 67 74 79 75 61 70 67 66 49 56 61 60 60 62 54 57 54 46 56 50 49 58 61 59 59 71 71 79 86 92 100 109 120 124 129 131 136 141 144 147 150 149 152 152 150 159 169 169 166 165 168 163 170 178 179 186 188 188 74 96 175 188 141 177 182 108 97 190 191 180 184 198 204 204 197 195 192 184 182 