
104 165 224 222 216 203 200 204 210 215 223 235 237 245 254 253 253 253 254 254 255 253 254 254 252 252 253 253 254 253 244 241 240 228 223 217 208 202 199 192 188 186 185 184 184 176 183 181 183 184 184 181 183 184 186 185 181 180 183 181 183 182 181 181 181 181 182 180 182 184 184 181 180 181 182 182 184 183 186 185 185 183 183 183 185 182 184 182 184 183 181 179 
118 235 226 228 221 208 214 221 220 226 233 248 249 253 254 255 253 253 253 253 253 253 253 255 253 251 255 252 254 253 249 244 244 231 222 218 204 158 164 168 159 143 160 168 116 77 85 126 153 184 182 182 185 184 183 183 181 182 185 184 181 180 182 182 182 181 182 184 183 183 181 181 180 182 183 183 185 185 185 183 184 183 185 186 186 185 185 184 183 184 183 180 
157 235 233 228 223 211 219 220 226 227 239 249 251 253 254 255 253 253 255 252 254 254 255 255 255 255 255 255 254 253 249 249 242 227 172 86 51 43 39 38 36 41 45 45 48 54 57 48 75 158 177 181 186 177 187 186 185 184 184 183 184 184 185 183 183 183 184 182 183 181 185 179 183 183 183 183 181 182 185 183 185 183 185 186 186 186 184 182 183 184 184 180 
235 240 238 233 228 218 229 229 230 236 247 251 254 254 253 253 252 253 255 253 255 255 253 253 255 254 255 253 254 253 235 186 93 56 44 45 38 32 37 38 39 36 36 37 42 44 33 35 43 42 53 45 48 70 98 148 172 185 181 184 184 184 186 188 184 184 186 185 182 183 182 184 185 184 183 184 181 184 183 184 185 186 186 187 188 186 188 185 182 185 183 184 
243 242 238 233 228 218 233 230 233 241 250 253 254 253 255 253 253 253 254 253 255 255 254 254 255 254 255 255 254 253 206 103 55 50 46 43 35 34 33 36 28 33 38 33 33 31 38 39 37 43 37 43 41 37 45 41 101 161 175 186 183 185 185 185 185 183 185 185 183 184 184 185 187 184 186 183 183 185 183 185 184 183 185 185 186 187 187 184 187 182 185 182 
245 243 239 230 230 221 232 230 237 245 252 253 254 253 253 253 255 253 254 252 254 253 254 251 254 253 255 254 254 234 79 64 53 37 38 35 31 25 27 32 32 32 32 29 31 28 31 35 32 34 42 37 38 43 44 52 41 61 92 161 175 182 184 187 185 182 185 183 185 185 186 186 185 183 185 184 185 182 184 184 186 185 186 187 187 185 186 185 185 184 185 181 
249 249 241 234 230 237 237 239 243 251 252 253 255 253 253 253 253 253 255 253 254 221 190 216 142 106 131 91 95 81 37 37 43 40 39 29 30 30 37 30 27 27 26 29 27 26 23 26 28 28 26 25 27 29 35 36 43 40 38 43 56 117 174 178 178 182 183 181 185 184 186 186 185 184 186 185 185 184 183 183 185 185 186 184 185 185 184 185 186 186 184 183 
250 248 242 234 231 239 241 242 248 252 254 255 253 252 254 253 252 253 253 253 254 124 95 73 75 65 104 56 58 53 32 28 38 33 35 26 32 36 34 32 25 24 24 25 32 27 25 26 24 26 26 25 29 34 37 37 25 35 31 43 50 60 129 178 177 185 176 182 184 186 186 186 185 185 186 183 187 184 184 183 185 185 185 184 188 186 185 186 186 187 186 184 
251 250 244 240 229 245 241 243 250 252 253 254 255 255 255 255 254 254 253 132 99 56 50 69 41 42 48 45 54 44 34 28 42 36 33 24 27 23 24 28 21 21 24 23 29 24 23 25 25 23 22 19 27 25 33 37 27 21 32 27 30 52 50 71 102 163 185 162 185 184 185 187 187 184 185 185 185 188 186 185 185 186 186 187 186 185 185 185 187 184 187 185 
251 250 246 240 232 243 244 246 249 251 253 254 255 255 255 253 255 236 115 64 66 51 48 40 43 43 70 39 50 40 36 29 45 24 36 26 25 23 24 25 21 21 21 25 28 20 19 24 26 22 23 20 32 42 29 30 30 22 30 30 31 40 37 65 87 153 149 157 187 180 184 187 183 186 185 185 187 185 185 183 185 187 187 185 187 185 185 185 184 186 185 184 
253 251 248 240 236 247 246 250 253 253 255 252 254 254 255 254 185 67 75 66 163 45 43 40 41 35 37 38 37 35 29 34 32 24 26 31 21 23 21 21 16 19 20 19 26 22 19 20 23 16 22 18 27 25 21 34 32 24 22 26 26 33 36 36 61 50 65 79 173 174 184 187 186 187 188 187 189 186 186 184 186 186 186 187 187 186 189 185 186 184 186 187 
253 252 247 241 237 247 250 250 254 255 253 254 255 255 254 232 96 60 59 56 59 35 39 35 43 38 30 35 34 29 24 30 34 27 28 26 24 21 24 20 19 19 19 23 24 19 17 20 23 16 22 15 23 22 24 31 29 23 24 23 27 36 37 45 55 50 67 61 122 161 188 189 186 188 188 189 189 187 185 186 185 185 185 187 188 188 187 185 185 187 188 185 
254 252 248 241 241 250 250 253 253 253 254 253 255 254 158 81 64 53 53 47 52 40 38 34 31 30 31 30 29 20 28 20 34 31 28 23 22 22 22 19 20 19 20 20 25 21 17 23 20 18 17 17 21 24 30 24 21 22 22 17 18 33 31 40 38 32 33 54 39 36 73 180 180 189 188 189 190 188 188 186 189 187 188 187 188 187 188 186 187 186 187 187 
253 252 248 242 249 251 252 253 255 253 254 255 255 254 190 89 89 46 57 40 50 30 36 30 25 25 27 27 27 22 28 21 34 24 26 34 24 25 17 20 19 22 20 21 22 18 18 22 19 19 19 15 23 24 21 23 20 22 21 21 38 34 33 29 29 27 48 40 39 36 41 132 175 180 185 190 188 187 186 187 187 187 187 187 190 188 189 188 186 186 186 187 
254 253 248 242 249 252 252 253 255 255 255 254 254 251 202 61 115 46 44 48 41 35 34 28 24 28 28 24 26 19 24 38 33 22 28 30 24 24 21 18 20 21 19 18 14 19 15 17 15 18 16 11 19 25 19 22 17 19 20 23 30 29 22 26 25 22 25 29 45 41 29 48 139 175 182 187 189 190 190 188 186 187 188 187 190 190 188 188 187 187 186 187 
254 253 246 245 251 253 253 254 253 253 254 254 254 249 158 64 58 46 38 35 36 31 27 22 26 30 25 24 24 25 29 27 21 26 25 24 25 20 19 20 23 21 19 15 19 17 15 15 17 15 15 13 20 23 24 18 18 19 20 23 26 30 21 20 26 27 56 74 46 53 55 31 32 50 52 173 185 189 187 187 188 188 188 187 189 189 188 186 188 188 188 188 
254 252 248 249 252 253 254 255 255 255 254 248 196 253 137 65 55 48 40 31 32 27 25 22 31 29 26 24 24 24 25 23 24 25 25 27 30 21 20 19 24 25 21 14 20 17 18 16 16 14 14 14 23 23 23 19 19 19 19 23 24 25 27 33 38 25 30 42 60 37 47 24 28 73 57 92 170 188 187 192 189 189 189 188 186 188 188 186 186 187 190 187 
254 252 248 251 252 254 254 255 255 251 254 202 106 58 55 60 55 39 37 31 29 27 28 28 27 23 22 27 25 28 28 25 19 22 29 28 24 28 23 23 22 20 16 17 20 22 21 17 17 17 17 18 18 18 15 14 17 27 23 16 17 16 30 17 20 15 17 19 30 38 23 26 27 87 101 76 49 70 181 188 189 189 189 188 189 190 186 187 188 188 187 187 
253 251 249 252 253 254 254 254 254 254 254 99 55 66 124 72 54 41 38 29 27 29 41 27 21 23 25 24 27 26 24 24 22 30 29 28 25 24 22 23 20 20 19 20 18 19 19 18 17 17 18 19 17 15 18 18 20 22 19 17 19 16 25 24 23 27 27 17 27 36 29 24 22 56 112 80 45 47 163 192 190 189 191 189 191 189 188 186 187 188 189 189 
253 252 249 252 254 255 255 254 253 241 146 67 127 80 33 38 43 43 34 21 27 33 27 26 21 21 23 28 20 24 22 24 23 23 23 22 23 19 23 20 20 21 15 13 15 17 21 24 22 19 22 19 17 19 18 17 19 16 15 13 19 21 22 28 22 22 30 28 27 26 17 17 20 47 86 82 88 59 77 175 188 189 189 188 191 189 188 188 189 189 188 187 
254 251 252 252 254 255 255 254 254 218 138 96 60 42 36 41 40 44 34 25 26 25 25 25 25 26 26 24 25 28 21 22 22 19 22 20 19 19 19 19 19 16 20 13 15 16 26 21 21 22 21 20 22 19 18 19 19 18 17 18 22 22 28 18 17 26 28 18 29 28 17 18 22 33 90 82 107 73 37 143 188 190 188 187 190 190 188 190 191 190 190 188 
254 252 252 254 255 255 255 254 254 201 193 39 47 43 36 39 38 36 35 25 25 23 22 23 25 23 26 18 23 25 23 23 25 23 23 22 24 22 22 24 22 21 22 17 21 24 23 26 24 19 19 18 21 21 27 26 16 18 14 15 23 23 17 17 27 29 28 19 30 24 23 31 23 26 33 48 54 86 65 55 175 189 190 187 191 189 190 189 191 187 191 189 
253 252 253 254 255 255 255 254 253 219 230 51 62 44 38 47 40 35 33 24 25 21 20 18 26 23 28 27 24 29 24 24 22 23 27 23 27 29 34 32 31 29 25 32 29 22 26 29 31 19 16 17 21 22 21 22 19 23 27 23 20 20 19 21 24 27 26 33 26 25 22 35 28 28 25 36 46 46 75 48 171 189 190 189 191 189 190 190 190 188 188 189 
254 252 254 252 255 255 255 254 253 220 110 65 52 41 40 41 39 32 34 27 23 21 22 20 28 25 25 27 35 26 26 33 36 40 34 39 41 42 38 38 41 44 46 40 42 37 30 31 31 24 27 21 20 20 18 18 22 24 20 18 17 17 22 20 22 23 23 23 22 23 19 34 42 45 38 32 51 44 46 70 170 189 190 190 190 188 190 189 189 187 188 186 
253 251 254 254 255 255 255 254 251 130 64 48 45 44 41 39 38 30 34 29 23 23 23 28 30 33 34 37 37 44 43 49 51 63 67 62 61 58 67 66 77 73 71 62 67 59 49 45 42 35 38 36 40 37 40 40 43 43 38 27 23 19 16 19 22 25 25 20 20 22 25 29 35 30 39 32 44 72 26 73 170 190 191 190 190 188 189 190 189 190 191 188 
253 250 254 253 255 254 255 254 236 80 59 55 45 42 47 39 37 30 33 25 29 25 29 31 36 39 49 46 51 61 54 58 66 61 72 67 72 73 83 91 88 92 91 80 79 84 71 61 54 47 38 46 53 48 47 58 62 52 49 43 31 25 22 18 25 24 27 21 22 22 25 37 34 35 34 44 50 44 42 54 167 191 192 191 188 190 188 190 190 190 189 189 
254 253 253 253 255 255 253 254 119 68 45 43 41 42 49 48 35 30 30 24 26 45 43 45 48 48 49 63 67 66 69 70 83 107 107 104 109 110 108 105 110 111 112 105 108 106 106 100 98 82 81 75 75 80 83 81 77 78 77 63 57 49 28 24 23 24 19 29 30 28 25 24 22 23 33 40 59 42 38 100 171 192 191 191 188 190 188 191 190 189 189 189 
254 253 254 251 253 253 255 254 82 59 40 40 32 40 43 44 41 28 27 26 30 48 54 65 65 56 48 53 56 80 93 95 104 115 113 116 118 115 113 114 116 116 117 117 113 115 114 109 107 99 96 89 95 94 95 97 94 96 86 82 77 60 30 27 25 20 19 19 21 21 21 21 23 25 33 47 56 54 40 152 181 192 193 192 192 190 191 191 190 192 190 190 
253 253 252 252 255 255 254 253 61 53 51 43 48 46 43 33 33 29 30 31 51 80 89 82 84 85 87 86 101 113 124 122 121 125 126 119 121 121 125 122 122 121 123 122 126 122 121 119 120 118 114 111 115 113 113 113 112 111 111 96 88 90 66 41 30 26 21 20 17 16 19 27 21 18 13 35 33 28 127 186 186 188 192 189 192 192 194 192 193 192 191 192 
255 253 254 253 255 253 254 251 74 68 58 44 49 50 36 38 37 32 35 38 66 89 91 95 92 98 103 111 125 124 131 129 125 126 127 125 123 124 122 122 123 121 124 122 128 122 119 120 120 120 117 116 116 116 116 117 114 116 114 113 111 104 100 69 42 28 31 21 16 14 15 19 22 22 17 25 33 35 148 193 191 192 193 193 193 192 192 193 191 192 192 191 
255 253 254 251 255 253 253 238 78 58 58 50 48 47 42 29 37 46 64 76 93 99 107 108 109 114 116 119 124 126 127 126 125 126 128 122 123 123 123 124 125 124 124 122 123 121 120 118 121 120 119 119 118 117 118 118 119 117 118 118 120 122 124 121 114 80 73 45 25 19 18 24 25 20 27 29 36 40 76 167 191 191 193 193 193 195 194 193 191 190 191 190 
255 253 254 253 255 254 253 251 64 63 51 46 48 46 35 35 34 52 68 90 104 108 111 107 117 118 121 122 124 124 126 124 124 124 124 124 124 126 125 126 126 126 126 125 123 121 121 120 120 119 118 119 119 119 116 118 117 116 117 117 124 128 129 126 124 106 96 64 26 22 18 15 35 22 23 39 43 49 78 161 183 193 192 193 195 194 195 194 194 193 191 192 
255 255 254 253 255 253 254 253 86 57 62 53 50 36 40 41 50 81 94 106 107 110 113 112 116 120 121 121 120 126 126 126 124 124 125 125 129 128 129 128 125 126 125 124 125 125 125 125 123 121 122 121 121 120 120 118 117 118 117 121 126 129 134 133 129 118 113 96 35 20 21 19 24 39 25 36 38 43 62 166 190 194 194 194 197 196 192 192 195 193 193 193 
255 255 254 253 255 255 254 253 109 67 52 52 39 33 47 50 58 92 104 107 110 112 112 113 117 117 122 120 126 124 124 126 125 123 125 127 127 130 129 127 123 122 124 124 126 126 127 126 125 123 123 123 121 122 121 120 118 117 118 123 127 129 133 132 131 122 118 108 37 22 20 16 17 39 32 38 24 36 73 167 192 194 195 195 194 195 194 195 193 195 194 192 
254 253 255 255 255 254 253 253 179 76 61 46 40 39 43 54 70 107 109 112 116 110 116 116 119 120 119 120 125 123 126 125 124 122 126 124 129 129 124 126 124 123 124 122 125 127 126 124 125 126 123 124 124 124 121 120 117 117 119 120 128 129 136 133 133 121 118 111 67 27 20 14 22 40 29 40 32 47 128 184 191 193 195 195 195 194 192 194 193 190 195 191 
254 255 255 255 255 254 254 254 159 96 68 54 46 42 56 69 83 109 110 110 112 114 113 112 112 118 116 119 121 122 123 125 123 122 124 125 127 124 126 125 122 119 120 123 124 126 126 124 124 125 124 124 125 124 123 122 120 120 121 121 127 130 135 135 135 124 122 118 99 57 26 17 27 20 19 29 35 79 190 197 194 194 195 194 195 196 195 194 195 196 195 195 
255 255 255 255 255 255 255 254 157 78 64 44 44 48 60 75 94 107 111 111 111 111 114 115 117 117 115 122 123 120 121 125 123 126 128 127 127 127 127 127 125 121 122 126 127 127 127 124 125 121 125 123 125 125 123 121 121 119 122 121 126 127 130 133 135 126 124 115 104 75 44 28 22 19 28 31 39 120 195 197 196 193 193 196 195 195 194 195 195 194 197 193 
255 255 255 255 255 255 255 254 136 88 83 53 48 48 67 93 106 110 110 108 110 109 110 110 111 114 116 123 123 123 126 125 127 128 128 128 129 127 127 126 126 122 124 125 126 128 125 125 126 124 125 125 127 124 126 125 124 125 127 124 127 127 132 133 133 124 124 123 116 97 80 31 25 28 33 47 52 95 201 200 194 195 195 193 197 198 193 195 194 195 194 194 
254 254 254 253 255 255 254 253 170 96 78 51 52 53 92 102 108 110 108 106 111 110 107 109 113 116 120 124 125 126 130 129 128 130 129 128 129 130 129 127 126 124 124 127 126 126 127 124 123 125 127 126 126 127 124 124 124 125 127 129 132 130 131 131 127 122 122 123 121 111 87 32 23 31 27 36 50 76 197 197 193 193 195 194 196 195 194 195 196 195 193 194 
254 254 254 253 255 255 254 253 245 107 81 59 60 69 114 114 113 109 105 103 102 112 108 112 114 118 120 128 131 128 129 130 131 128 129 129 129 128 128 129 126 125 125 127 129 131 129 127 122 124 124 124 126 124 123 124 125 129 130 131 133 133 131 128 124 121 122 122 121 122 112 44 31 27 34 34 48 139 197 198 196 195 197 195 196 195 194 197 196 195 193 194 
255 255 254 254 255 255 254 254 253 120 87 63 63 85 110 113 113 111 106 105 107 110 111 110 112 117 121 129 125 125 126 130 127 127 130 129 127 126 126 125 127 125 129 129 129 127 126 125 122 121 121 122 122 122 123 123 123 123 127 128 131 129 126 125 126 120 121 119 119 122 118 67 40 25 29 41 69 152 199 195 195 195 195 195 195 198 194 195 195 193 195 193 
253 255 254 254 255 255 253 254 254 171 101 83 84 115 117 115 110 106 104 103 102 103 105 103 108 118 115 111 108 117 114 118 123 121 117 117 123 121 121 121 124 125 123 122 126 124 122 119 118 117 117 116 116 115 115 113 113 108 110 110 116 114 111 109 109 108 111 111 114 118 118 99 61 31 30 46 123 200 199 197 194 197 195 193 195 197 196 196 197 195 194 193 
255 253 254 253 255 253 253 253 254 230 110 77 104 120 113 116 108 94 87 88 91 98 99 102 115 109 108 103 100 107 109 110 105 114 113 112 116 116 119 120 122 123 121 118 122 120 119 117 117 114 112 110 111 110 107 107 104 104 103 97 99 97 104 108 103 105 101 95 117 119 117 103 74 37 24 52 163 197 199 199 196 196 198 197 197 197 195 198 196 196 195 196 
255 255 254 254 253 254 255 253 255 250 123 79 120 122 118 109 111 76 70 78 88 87 94 92 77 78 75 86 84 91 98 97 94 95 104 108 106 102 108 116 119 119 119 117 118 116 114 113 114 110 107 104 104 105 103 100 88 88 89 84 80 79 76 76 78 75 76 72 84 118 117 110 86 49 24 52 179 201 201 200 199 197 198 196 198 197 197 197 196 197 195 195 
255 253 254 254 253 253 253 254 255 253 219 90 135 133 112 86 77 61 63 55 53 50 52 42 46 48 48 56 52 50 50 57 59 69 80 87 84 91 101 109 107 104 111 115 111 114 114 111 110 96 94 90 84 80 71 63 59 50 44 42 44 46 39 34 39 49 48 43 38 45 68 114 107 65 29 147 199 201 202 201 200 194 198 198 197 197 195 196 195 192 195 194 
255 253 254 252 254 253 253 253 254 252 250 112 143 136 80 75 76 61 53 50 52 47 43 45 43 43 42 45 42 41 44 48 52 59 63 70 83 91 100 99 105 105 111 111 115 111 113 109 102 92 91 79 63 58 54 55 41 34 35 25 25 29 32 29 34 42 42 38 42 37 42 119 116 89 26 173 199 202 202 198 200 196 199 196 197 195 196 195 194 194 193 193 
255 255 254 253 254 252 254 253 254 253 252 135 147 121 85 78 83 65 63 57 57 45 43 40 36 35 34 32 33 32 37 47 45 48 53 53 70 77 87 90 94 92 106 110 107 101 102 96 84 62 57 42 35 31 37 26 20 20 19 17 19 15 26 22 30 39 38 42 41 44 44 59 111 112 39 199 203 204 201 199 201 199 199 197 199 198 197 195 196 195 194 194 
255 255 254 255 254 254 253 253 254 253 253 142 156 132 97 88 84 69 68 61 67 50 50 41 38 38 38 31 30 33 37 42 46 45 46 58 73 75 79 81 97 99 108 108 104 101 86 77 58 43 42 35 32 30 22 19 18 17 18 19 20 17 18 22 24 34 44 43 51 50 46 72 98 117 43 199 203 203 200 200 200 199 197 198 198 199 197 196 195 192 195 195 
255 255 255 255 255 255 254 254 254 252 253 215 162 144 114 104 106 103 97 94 95 89 80 75 63 61 63 60 51 48 44 46 51 49 45 52 62 72 76 87 104 108 112 100 96 95 87 74 52 50 42 32 25 24 21 21 27 33 36 45 46 45 50 46 49 55 65 76 65 61 69 90 103 119 57 201 204 205 202 201 202 199 199 200 198 198 198 198 195 195 195 194 
255 255 255 255 255 255 254 254 254 253 253 226 161 148 124 122 111 110 106 104 104 93 93 85 72 75 71 63 56 48 49 48 51 55 53 61 71 73 83 89 106 105 106 100 97 93 85 69 57 48 45 38 34 34 34 34 35 43 43 51 59 58 63 65 74 86 91 85 82 80 76 90 109 127 77 202 203 205 202 201 200 201 196 198 196 196 197 197 197 197 194 195 
254 254 255 255 255 255 254 254 255 252 253 175 164 155 149 143 133 131 123 120 107 103 95 90 80 76 72 61 55 50 47 46 42 36 39 43 77 86 90 99 112 111 110 98 100 99 92 85 76 51 34 31 34 37 41 41 48 49 52 59 57 58 65 69 70 82 92 96 95 92 89 104 119 127 79 171 207 202 201 200 201 200 202 199 199 196 197 198 195 196 194 194 
254 254 255 255 255 255 254 254 255 253 252 161 162 156 149 143 135 140 131 119 110 87 87 75 55 51 41 41 32 34 32 30 30 30 31 36 55 82 94 104 114 116 119 102 100 104 96 88 80 31 27 24 30 31 31 23 27 26 27 26 30 23 34 50 59 73 85 87 101 98 105 117 122 124 87 151 205 204 201 200 202 203 201 201 197 197 198 198 197 197 195 194 
255 255 255 255 254 255 254 254 254 252 252 162 158 155 149 144 133 120 105 86 84 61 67 74 82 83 73 50 44 38 35 32 26 23 26 27 39 72 82 104 115 120 126 109 106 110 97 87 77 21 22 19 20 21 24 27 35 42 46 50 55 55 74 71 80 34 47 64 85 93 98 119 124 126 99 141 207 204 205 204 202 199 201 201 198 199 198 198 202 195 195 193 
255 255 255 254 254 254 254 254 254 251 252 163 154 144 137 125 116 95 100 111 115 80 64 49 30 26 31 22 23 19 32 34 30 32 32 22 44 52 100 115 120 124 125 121 123 125 109 91 48 26 27 22 24 25 24 25 13 14 14 8 13 13 26 34 37 80 80 74 70 82 96 124 127 127 108 111 209 206 206 204 203 202 203 200 199 199 198 199 199 197 194 196 
254 254 254 254 255 255 254 254 255 253 252 162 150 144 129 118 106 98 81 64 57 46 52 58 34 64 33 21 27 25 54 45 37 28 30 40 37 58 106 122 123 123 126 122 124 125 114 95 46 27 27 19 20 21 46 36 15 35 37 5 19 32 42 26 22 31 38 46 97 99 102 132 129 127 117 105 206 206 207 205 203 204 201 201 201 200 199 199 201 197 195 194 
255 254 254 254 255 255 254 254 255 253 252 158 148 138 127 122 116 98 73 80 97 63 79 123 60 34 28 25 26 30 74 53 37 28 28 34 48 97 117 125 124 123 124 124 124 125 120 108 81 25 23 26 30 34 50 60 10 11 10 13 14 50 117 87 51 80 93 103 108 113 115 129 130 129 123 117 206 204 205 204 202 204 202 202 199 200 200 198 199 195 195 195 
254 255 254 254 255 255 254 254 255 253 252 159 149 140 124 122 114 105 100 93 95 79 72 68 104 52 33 27 31 56 52 45 47 48 56 54 74 108 122 121 121 120 121 123 124 125 121 112 96 33 32 31 31 36 33 39 14 13 13 11 32 88 72 58 56 87 98 93 102 107 109 126 128 129 127 154 209 204 207 205 204 203 204 203 200 200 200 197 198 197 195 194 
254 255 254 254 254 255 254 254 254 254 252 159 150 139 122 120 113 108 103 98 94 92 96 87 76 70 67 64 58 55 53 53 47 65 64 68 110 122 127 121 119 118 122 123 124 124 125 121 114 85 55 42 42 40 43 42 40 44 49 51 52 49 63 84 75 71 76 83 98 100 104 119 124 128 128 160 206 205 205 203 204 204 202 203 200 200 201 199 198 196 193 198 
255 255 254 254 254 255 254 254 254 253 252 162 149 139 125 120 118 112 104 100 92 89 86 89 74 74 66 57 55 55 54 52 62 66 63 87 112 122 120 121 121 119 121 122 123 125 124 122 119 104 94 51 47 44 41 41 39 40 39 38 46 53 71 69 75 75 74 82 102 105 106 119 126 129 129 157 210 202 207 205 203 203 202 202 201 202 202 198 196 194 195 194 
255 255 254 255 255 255 254 254 254 254 252 156 148 140 133 134 127 120 119 112 110 102 103 98 90 88 87 76 79 84 86 80 80 86 98 103 122 119 119 117 120 122 120 123 126 124 122 121 122 116 115 109 76 69 68 69 61 60 54 55 63 73 80 82 86 96 102 107 118 119 119 123 125 129 128 119 207 206 206 206 205 204 202 203 204 202 203 199 194 197 198 196 
255 255 255 255 255 255 255 255 255 253 252 154 151 141 139 135 132 128 125 116 117 115 110 107 102 97 95 89 94 85 86 89 86 106 108 110 120 116 114 116 125 122 123 124 127 124 124 121 120 116 116 115 103 82 77 72 74 69 73 77 80 83 88 95 94 106 107 109 114 113 112 126 128 127 127 133 203 204 207 207 206 205 202 201 203 202 202 199 197 195 197 198 
255 255 255 255 255 255 255 255 255 253 251 154 149 146 141 136 137 132 129 125 125 120 113 113 106 103 101 98 96 96 93 89 97 109 111 117 117 124 110 123 123 123 123 126 127 125 124 120 121 114 121 120 120 110 96 85 81 78 81 83 89 89 96 96 99 106 109 112 122 121 124 129 130 129 125 117 189 208 204 207 206 205 201 203 202 200 203 198 199 195 198 196 
255 255 254 254 255 255 254 254 255 252 248 158 159 149 142 142 139 134 133 131 129 119 115 112 111 109 108 109 108 107 115 115 117 112 119 116 125 124 126 129 128 124 133 129 126 128 124 126 122 115 113 123 130 128 121 119 109 104 99 91 93 93 99 101 105 107 108 111 123 126 129 132 132 130 127 103 144 207 206 208 206 204 204 201 205 203 200 198 200 197 197 196 
255 255 254 254 255 255 254 254 255 252 248 160 158 152 145 144 137 139 131 129 128 117 115 112 113 111 112 116 120 118 120 118 119 117 122 114 126 124 125 123 125 128 132 128 126 128 129 127 125 113 114 120 133 131 129 126 121 118 113 102 100 99 100 101 105 110 109 114 126 128 132 136 134 130 130 99 147 205 207 207 205 205 203 202 203 202 200 197 198 197 198 195 
254 254 254 254 255 255 254 254 255 252 230 170 162 153 148 144 139 134 133 128 127 122 116 117 123 124 126 124 126 124 124 125 125 124 119 112 127 125 126 119 128 128 137 127 128 129 131 129 124 113 107 109 133 129 131 127 120 118 121 118 116 110 110 109 109 109 111 112 127 128 131 137 137 135 132 91 142 207 205 208 205 207 204 203 203 201 199 197 195 194 199 195 
254 254 254 254 255 255 254 254 255 252 231 172 160 158 147 146 137 133 135 135 132 129 129 125 127 128 126 125 123 122 125 127 127 122 113 105 123 125 116 110 124 128 137 128 123 127 133 130 125 109 103 106 128 130 129 126 121 121 122 119 120 118 115 112 114 112 111 114 123 126 125 139 138 135 133 100 122 207 204 207 205 203 203 203 200 199 198 197 193 197 199 198 
254 254 255 255 254 254 254 254 255 252 215 175 170 162 155 149 142 138 138 136 139 134 132 130 129 126 124 122 123 125 126 128 128 112 109 107 117 125 126 124 132 130 136 125 127 131 136 133 129 110 110 112 113 117 122 121 122 120 121 120 121 121 120 118 121 119 121 122 126 131 135 137 139 135 134 93 152 208 206 208 206 206 206 202 203 201 199 199 200 197 195 196 
254 254 255 255 255 254 254 254 255 252 229 181 172 161 154 152 146 143 141 141 141 139 136 131 130 130 127 121 128 128 125 126 121 117 118 114 117 124 134 128 129 124 128 124 126 130 141 134 130 114 116 119 120 113 113 118 122 121 122 121 120 122 120 122 123 124 124 125 135 135 137 138 136 138 134 92 174 207 206 208 205 203 203 205 202 201 201 199 199 198 194 195 
255 255 254 255 255 255 254 254 255 252 222 182 175 164 159 152 151 147 147 145 144 136 136 130 134 130 129 126 128 127 123 123 122 133 132 126 128 130 135 139 132 128 127 124 125 131 148 152 137 126 128 132 141 133 112 100 115 116 120 119 124 120 123 123 126 126 129 132 136 135 134 138 139 135 135 83 173 210 209 208 209 208 206 204 204 203 203 201 200 195 199 195 
255 255 254 255 255 255 254 254 255 252 215 181 177 168 159 157 153 147 146 145 141 136 134 133 132 131 130 129 128 124 118 117 132 144 141 132 134 134 137 130 130 128 127 120 121 118 134 137 130 119 122 125 118 121 114 99 113 115 117 116 121 123 124 126 127 130 131 133 136 137 134 138 138 136 134 76 186 210 209 209 208 205 205 205 202 203 202 202 202 198 198 198 
254 254 255 255 255 255 254 254 254 252 238 183 171 174 160 155 154 148 147 143 143 135 137 137 132 129 128 128 127 122 117 116 144 143 138 130 133 137 134 131 134 124 119 116 111 108 124 124 123 113 108 105 109 114 113 98 107 111 113 116 118 122 125 125 128 130 132 133 140 139 135 137 136 132 134 83 198 209 208 208 207 206 207 206 202 206 200 203 201 199 198 198 
255 254 255 255 255 255 254 254 255 252 218 188 173 173 161 163 156 149 146 145 145 143 138 138 130 130 129 122 119 119 117 119 129 99 81 42 98 119 121 124 120 110 107 97 99 103 107 109 107 17 22 40 87 107 106 100 101 104 111 113 117 121 123 124 127 131 132 134 140 142 141 136 137 133 134 80 204 207 209 209 209 207 205 204 203 203 200 195 197 199 198 197 
255 255 254 254 255 255 254 254 255 252 236 187 177 175 165 161 154 147 147 142 144 142 137 136 129 131 132 119 118 119 120 120 118 77 47 39 25 19 67 116 115 104 100 86 91 92 102 96 40 25 42 50 83 95 103 101 101 104 110 115 119 119 122 124 125 130 131 137 141 140 136 137 133 135 131 90 204 208 208 208 208 206 206 202 202 202 203 201 198 199 197 195 
255 255 254 254 254 254 254 254 254 252 249 184 181 170 158 162 159 152 149 148 141 138 138 136 128 121 124 120 120 123 126 114 117 91 81 82 76 82 82 87 95 96 86 75 77 81 95 113 131 96 79 76 87 98 104 106 104 105 108 111 116 116 121 122 122 127 133 132 137 134 134 132 134 136 128 148 211 209 209 207 208 205 206 204 203 204 202 201 201 202 200 194 
255 255 255 254 254 254 254 254 254 253 250 186 182 180 162 158 154 153 146 144 143 138 137 137 129 124 124 121 127 124 121 113 117 88 77 73 80 86 91 95 89 91 87 69 77 80 98 106 104 86 79 73 101 105 105 104 107 105 108 108 114 119 120 119 121 128 130 133 136 133 131 134 134 132 132 158 213 210 209 207 207 205 205 206 204 201 203 201 202 201 199 198 
255 255 255 255 254 254 254 254 254 253 250 183 177 176 164 160 158 150 147 143 139 142 137 136 128 127 128 122 124 125 117 118 121 113 99 89 84 89 96 101 87 78 65 68 68 76 104 96 99 97 90 93 109 107 108 109 109 111 112 112 116 117 119 120 117 125 126 127 135 133 131 129 130 131 116 191 213 211 209 205 207 205 206 203 204 201 202 199 197 200 200 199 
255 255 255 255 255 255 254 254 254 253 251 182 180 173 164 163 158 152 147 141 141 139 135 133 132 126 124 126 127 129 118 121 118 114 103 98 95 93 88 88 88 76 58 66 72 72 76 82 92 101 99 98 106 106 109 111 111 111 112 113 116 119 118 119 122 122 127 128 132 133 131 129 129 128 109 210 212 211 209 207 207 206 207 203 205 201 202 200 200 196 202 200 
255 255 255 255 255 255 254 254 254 254 252 184 175 175 163 163 158 149 149 147 147 139 135 135 132 127 122 123 117 112 114 109 93 98 95 67 59 44 51 57 67 66 51 55 67 54 50 39 43 50 50 62 93 88 97 98 106 108 102 108 118 117 116 115 116 121 123 126 127 130 127 129 126 114 99 206 215 213 208 207 208 206 207 208 206 204 201 202 202 200 202 201 
255 255 254 255 254 254 255 255 254 254 253 198 177 175 155 160 160 148 148 146 142 140 134 134 131 127 121 113 113 105 94 94 76 71 72 49 37 40 43 47 69 53 50 61 57 54 46 39 36 32 37 33 62 72 76 80 96 97 97 97 113 118 115 115 116 117 123 124 124 123 125 125 119 115 65 204 213 211 211 209 207 205 205 207 204 205 202 203 201 201 203 198 
255 255 254 254 254 254 255 255 254 253 254 222 181 178 153 161 153 148 150 142 144 136 135 133 125 121 99 95 92 82 65 68 71 62 63 49 37 38 33 47 70 58 48 54 54 55 52 40 35 29 28 27 38 38 64 64 53 72 71 86 96 119 116 115 117 116 118 118 124 121 122 122 116 108 93 206 213 212 210 209 208 205 207 206 206 204 204 202 202 200 200 199 
255 255 254 254 254 254 255 255 253 252 254 251 181 172 156 152 155 146 146 141 144 136 137 131 108 95 85 60 64 65 57 49 52 56 57 43 53 42 54 68 82 65 54 51 70 67 63 51 35 30 31 32 33 38 36 37 42 36 34 44 62 82 116 120 115 115 116 117 118 117 115 113 105 77 171 215 214 212 211 212 210 207 208 206 206 206 205 203 202 202 201 203 
255 253 254 253 255 253 253 253 253 253 254 252 197 173 158 152 155 148 140 141 144 137 130 131 100 71 62 57 55 53 51 50 59 66 56 54 62 58 78 106 94 74 70 55 70 76 91 82 55 40 37 43 43 33 39 35 33 33 34 35 41 61 114 116 115 115 115 113 118 113 112 111 103 62 187 215 215 214 209 211 211 209 209 206 206 207 205 204 203 203 204 202 
254 253 254 253 255 253 254 252 253 253 255 253 250 179 159 154 149 147 148 144 140 136 135 119 76 75 65 66 70 67 62 78 75 76 96 81 91 87 77 88 94 104 112 103 89 98 76 73 71 93 92 86 63 66 42 37 36 33 28 28 29 43 99 115 118 114 115 112 108 106 104 106 78 137 215 216 215 215 211 211 210 209 207 207 204 206 205 204 203 201 202 200 
254 254 254 253 255 255 253 252 253 252 253 254 253 194 159 154 149 148 144 142 137 134 134 111 80 65 60 72 75 77 65 77 97 110 112 102 70 72 76 76 81 85 86 81 76 61 69 66 62 66 78 97 97 93 72 50 34 33 31 28 31 43 58 110 118 115 115 113 108 107 103 106 73 172 216 214 215 215 210 210 208 208 206 207 204 205 204 202 198 201 202 199 
255 255 254 254 255 255 255 253 255 254 255 254 254 252 167 156 147 143 149 146 145 131 133 118 85 86 90 77 78 78 102 98 100 67 64 61 65 63 63 68 59 68 72 58 60 52 59 51 57 48 50 45 61 80 87 81 52 51 55 49 57 57 79 80 95 111 110 107 99 94 88 64 150 218 219 214 216 215 213 211 209 207 208 205 205 206 206 203 203 199 199 196 
255 255 254 254 255 255 255 255 255 253 255 253 254 252 164 164 159 143 147 147 146 133 137 106 99 91 89 64 63 60 80 85 74 49 47 41 49 51 59 57 49 69 67 67 59 54 52 38 34 33 31 39 48 57 67 65 40 39 39 61 68 62 76 89 98 109 105 103 90 89 101 69 214 218 219 215 217 215 212 214 212 209 207 207 204 205 206 204 203 202 197 197 
254 254 255 255 254 254 254 254 253 253 255 255 255 253 187 152 163 138 136 141 143 147 131 123 95 89 85 65 60 71 66 90 85 85 98 95 88 86 82 79 67 62 49 46 51 45 64 68 71 87 94 92 79 93 82 29 25 34 39 57 66 77 77 104 109 108 102 96 84 81 80 198 219 218 220 216 218 213 215 211 211 211 209 208 208 207 206 205 205 203 202 199 
254 254 255 255 255 254 254 254 253 253 255 255 255 254 224 150 154 148 141 139 141 144 140 129 97 91 90 78 75 89 90 94 105 105 110 102 102 102 103 96 100 93 83 85 87 77 91 88 88 88 88 98 102 87 88 65 47 35 40 59 69 72 97 103 106 103 94 96 88 84 54 217 220 219 218 218 215 214 213 212 211 211 210 210 209 206 206 206 204 206 202 203 
254 255 254 255 255 255 254 255 254 254 255 255 254 253 253 241 149 146 139 131 134 128 134 126 102 94 91 100 101 102 111 109 106 106 96 109 104 103 106 100 93 96 95 92 95 94 88 100 101 97 91 82 86 93 93 98 86 71 61 59 63 73 92 102 104 97 91 91 74 51 111 223 220 220 218 219 215 216 217 216 212 208 209 209 208 208 206 204 204 200 200 200 
254 255 254 254 253 255 255 255 254 253 255 253 253 255 253 252 196 142 135 132 128 128 122 121 101 95 97 102 104 113 107 107 109 102 98 99 103 105 106 97 92 93 95 92 90 93 84 82 105 83 76 79 90 93 90 92 91 80 68 62 64 70 85 96 94 92 85 90 54 56 181 224 221 220 218 215 216 215 216 215 211 211 210 208 208 208 207 205 205 204 201 201 
255 255 254 254 254 255 255 255 254 254 255 253 254 253 254 248 209 132 132 131 126 126 125 117 99 94 97 93 102 108 107 107 109 103 99 96 102 100 96 87 91 91 87 94 90 88 83 75 74 71 73 82 88 94 91 88 85 89 77 55 61 65 78 85 90 91 90 83 52 123 211 224 223 220 219 216 216 216 217 214 212 210 210 207 209 207 206 205 205 203 205 200 
255 255 254 255 253 255 255 255 255 253 255 255 254 254 253 253 252 156 124 115 120 115 110 112 88 88 92 95 108 101 105 96 94 89 80 88 93 85 82 77 73 68 74 71 66 68 72 73 68 70 72 73 82 82 80 86 84 73 55 60 67 61 66 73 81 74 75 51 85 215 226 221 222 220 220 218 218 216 215 214 213 212 213 209 208 207 206 203 202 203 202 201 
255 255 255 255 255 253 255 255 255 253 255 255 254 254 255 254 253 170 122 109 105 104 103 109 90 87 87 85 101 97 105 101 98 80 76 70 68 75 76 73 66 58 59 60 62 58 58 64 59 63 65 70 77 79 80 82 77 61 63 51 52 62 72 76 79 61 55 48 206 232 225 224 225 222 222 218 218 217 217 215 215 211 213 209 207 208 205 204 203 204 203 199 
255 255 255 254 254 254 255 255 255 253 255 253 254 255 253 254 253 243 128 96 99 87 88 93 76 68 75 69 73 85 87 88 88 78 72 63 52 42 35 22 23 23 26 27 24 22 33 40 40 47 51 55 69 68 72 63 50 45 42 41 36 36 54 59 58 42 65 131 232 228 226 224 222 220 220 217 217 215 216 216 216 211 213 211 209 207 206 204 204 203 202 199 
255 255 255 255 255 255 255 255 255 255 255 255 254 254 253 254 253 251 136 95 93 81 87 79 80 71 67 67 71 69 84 82 78 75 72 75 46 37 33 28 31 35 32 37 35 40 44 41 45 46 54 53 65 64 60 57 39 37 31 34 26 30 45 42 36 49 86 199 224 227 226 226 223 221 223 218 219 218 212 215 212 210 214 210 211 207 206 204 204 204 201 200 
255 255 255 253 255 253 255 255 254 254 252 253 254 253 253 252 219 147 148 100 84 78 71 68 64 65 60 59 64 58 73 74 73 78 71 67 66 64 69 68 67 60 60 55 62 65 68 63 57 60 61 63 57 50 36 31 19 25 30 24 29 32 28 29 25 163 235 232 231 230 230 226 225 222 224 220 218 218 216 214 214 211 212 211 210 207 207 206 205 205 200 198 
255 253 254 253 255 255 254 254 254 253 253 252 252 252 244 183 141 154 139 122 81 79 67 64 62 56 57 52 52 53 75 84 83 81 80 76 75 88 75 84 73 71 69 68 69 72 71 65 68 62 61 59 54 38 33 27 23 21 23 21 29 24 27 33 30 197 231 236 234 234 236 233 225 225 224 222 220 219 214 215 215 212 211 208 211 207 206 207 206 204 199 199 
253 253 253 251 254 254 254 252 251 229 181 196 185 179 141 108 94 156 143 134 97 73 71 68 58 55 56 51 55 56 62 75 71 75 85 84 86 82 80 80 68 69 54 51 67 60 72 72 76 81 68 64 38 33 31 24 18 19 20 17 18 17 25 37 74 39 36 40 152 208 229 232 225 224 223 223 220 218 216 214 216 215 210 210 206 207 206 206 204 203 199 201 
254 254 255 254 253 253 252 248 178 149 158 162 159 171 114 99 105 144 142 135 120 82 64 66 59 56 51 51 59 53 70 74 76 69 89 81 91 85 83 68 58 57 54 46 50 48 67 75 76 73 66 60 43 34 30 24 18 18 16 18 19 19 31 76 84 67 15 24 111 127 99 107 178 228 227 222 223 221 217 218 216 213 213 211 213 209 207 207 205 204 201 199 
254 254 253 253 252 234 208 187 147 133 170 151 145 137 86 93 107 146 140 132 121 91 68 62 61 54 51 54 51 54 70 65 69 72 71 76 80 74 68 64 51 49 49 43 43 48 53 68 70 64 61 63 38 34 25 24 22 14 17 18 20 14 49 99 93 82 28 9 48 127 114 111 108 123 185 224 219 224 219 220 217 217 213 212 212 211 208 206 205 206 202 203 
252 248 220 212 173 164 170 171 120 154 144 141 137 97 89 109 105 134 133 125 124 109 101 83 59 58 54 45 47 48 54 62 59 63 58 56 58 64 54 50 45 44 42 40 35 41 47 53 50 47 37 39 32 32 29 30 30 20 19 17 18 21 94 91 101 105 72 54 12 29 90 88 92 123 114 158 135 108 184 217 219 216 212 213 211 211 210 209 207 205 205 203 
197 191 189 188 175 168 157 169 139 136 144 153 126 90 89 105 103 135 128 126 125 115 106 97 63 49 50 45 43 51 56 60 51 54 52 62 56 48 51 48 44 42 41 35 33 36 41 41 42 39 40 32 34 30 27 22 20 18 15 15 22 47 90 99 100 102 53 66 17 10 41 121 84 104 117 107 126 138 109 212 222 215 215 216 212 213 212 208 206 204 207 207 
162 170 163 157 154 146 167 119 145 149 131 143 101 85 101 102 92 128 121 122 122 112 109 105 85 75 57 41 43 48 57 51 46 44 42 45 47 45 42 41 39 41 39 27 29 28 36 38 33 31 31 24 22 21 21 20 24 22 19 22 54 83 100 102 103 99 47 81 46 25 17 82 118 110 90 89 57 125 130 103 113 127 128 129 128 130 131 135 136 136 151 149 
161 161 160 146 150 144 155 110 133 144 127 125 98 85 96 102 82 118 121 118 117 110 110 94 91 87 91 43 40 45 50 47 47 40 41 39 47 41 36 37 34 31 34 26 27 25 33 32 28 32 32 23 21 28 29 22 24 22 26 56 75 93 101 102 102 101 54 84 44 35 16 49 94 116 79 119 36 109 136 121 88 124 123 123 124 126 124 127 128 130 129 129 
157 158 150 138 151 147 109 135 136 124 118 105 81 90 96 100 75 116 114 114 113 107 112 107 94 95 83 73 52 48 42 39 41 38 33 33 38 34 34 31 28 31 26 30 26 21 25 25 25 27 26 23 17 26 18 17 23 25 49 82 94 99 99 98 102 92 42 71 63 47 41 14 32 87 119 102 124 63 120 127 110 102 134 113 118 115 122 119 121 124 122 119 
154 156 137 137 149 148 98 143 132 127 121 112 79 87 94 92 78 102 114 109 110 108 109 103 94 94 91 81 81 49 39 37 37 34 32 31 31 29 31 29 23 26 23 26 23 22 21 22 24 24 25 20 16 20 18 16 27 51 77 84 94 100 97 99 100 93 41 76 69 54 45 18 25 73 97 89 117 122 130 110 129 79 106 130 112 119 116 119 116 114 118 117 
151 152 122 137 134 106 116 132 134 115 130 100 77 86 96 94 78 100 106 107 108 106 101 104 95 97 93 84 79 81 50 36 34 31 25 23 21 21 21 21 22 18 22 18 21 23 19 19 18 20 22 14 18 19 15 30 71 76 85 90 92 94 96 97 98 80 35 79 78 67 58 41 29 22 69 125 81 106 29 108 102 88 88 88 115 115 115 115 115 116 114 114 
144 140 125 139 134 97 143 140 126 113 128 91 77 92 97 95 86 96 104 104 106 108 106 101 95 102 88 92 78 85 59 54 37 31 27 22 24 23 23 20 19 19 20 20 21 19 17 17 18 20 17 17 19 22 28 64 75 84 84 89 93 93 94 94 99 52 36 71 78 76 62 52 37 24 58 119 96 88 106 46 132 105 88 81 120 114 112 116 116 115 114 108 
149 120 131 139 137 84 147 136 118 115 126 93 76 88 98 100 87 95 103 98 105 106 100 100 98 106 92 89 81 81 75 73 57 30 27 23 23 19 23 19 21 21 21 19 18 16 19 17 15 20 25 24 39 60 63 71 81 82 84 90 90 92 94 95 98 43 41 71 80 79 74 58 49 33 42 98 121 79 123 45 98 116 98 83 111 117 112 116 116 116 114 109 
121 116 132 122 143 103 134 128 111 121 128 87 81 84 97 99 97 87 90 98 101 102 103 100 97 99 95 86 92 82 77 70 70 66 62 64 44 46 51 49 37 28 36 42 44 54 45 45 47 42 47 57 67 68 72 75 83 81 88 89 91 94 98 86 85 34 48 72 77 82 85 72 72 61 33 89 106 113 109 116 56 113 114 95 91 102 117 111 111 112 107 109 
116 114 128 120 140 120 132 122 114 117 125 87 79 94 89 100 93 75 94 96 96 100 104 100 96 93 92 89 93 86 76 77 74 67 59 58 63 50 51 50 56 55 53 49 52 55 49 57 54 56 64 62 65 66 74 73 81 84 84 85 88 94 90 81 64 37 48 71 80 86 84 90 79 69 43 77 112 123 93 115 106 134 104 122 92 92 129 112 111 110 109 105 
106 123 124 122 115 127 126 112 121 108 120 78 87 91 98 95 97 73 99 96 95 93 87 92 93 96 95 91 80 79 78 78 74 68 69 68 53 58 56 59 52 50 55 62 60 57 54 53 61 54 64 64 66 69 74 77 84 85 82 84 85 92 70 67 72 29 60 74 88 88 89 97 95 83 75 56 89 106 73 94 118 27 134 83 91 97 95 112 109 109 111 113 