
95 128 111 115 101 102 125 146 147 144 147 133 186 95 122 114 89 136 104 210 222 213 214 220 227 227 223 219 220 224 229 230 230 233 235 238 238 239 233 233 231 225 224 217 216 213 207 206 204 201 204 201 204 201 202 200 203 200 200 200 199 200 201 202 204 200 200 200 202 202 203 203 202 204 204 203 204 203 202 203 202 204 203 202 204 203 201 202 201 200 202 199 
95 112 150 111 94 154 137 125 167 154 145 131 169 89 135 126 98 145 140 114 217 219 212 221 225 227 223 221 223 228 232 235 237 246 249 247 247 245 240 237 232 230 227 218 217 213 208 207 202 202 202 204 204 202 202 202 202 201 201 200 202 201 201 203 203 202 199 200 204 202 203 203 202 203 203 202 202 202 202 201 202 202 203 202 205 201 201 201 200 201 203 199 
101 116 157 105 96 158 144 122 169 150 150 140 143 100 108 163 96 170 154 113 161 214 222 222 226 224 223 224 225 228 236 241 247 249 250 250 251 248 246 241 235 230 228 219 218 213 207 204 204 204 206 203 204 204 202 202 201 200 202 199 203 202 202 201 203 201 201 199 203 201 202 204 203 202 205 202 204 203 205 203 202 202 202 202 203 201 202 202 202 203 204 203 
104 111 141 139 92 128 141 123 137 147 159 151 128 136 123 124 160 219 136 141 130 220 220 226 222 223 221 224 229 237 247 252 250 253 252 253 254 253 248 246 239 235 229 223 220 218 209 207 205 203 203 203 202 202 202 202 201 201 200 201 204 203 200 201 202 202 200 201 202 203 205 205 204 204 203 202 203 203 203 203 204 204 202 203 202 203 202 204 201 204 203 203 
105 112 147 132 117 127 128 122 131 124 146 152 114 131 128 110 144 219 199 116 144 193 222 221 220 220 222 224 235 240 253 251 253 252 254 253 253 253 252 247 241 236 232 222 221 216 209 206 205 202 204 202 202 203 202 203 201 200 200 202 202 203 201 201 202 201 200 201 205 203 203 205 204 203 204 203 201 202 202 201 203 202 204 200 203 202 203 204 205 202 204 202 
98 115 143 101 132 128 126 125 118 123 131 164 111 126 142 123 83 80 171 99 154 129 161 222 217 217 220 230 242 249 253 252 253 255 253 253 252 251 252 249 244 237 234 223 223 219 210 208 206 202 205 203 203 202 202 204 201 202 201 203 205 202 202 201 202 201 202 201 203 203 204 204 205 202 204 203 204 201 203 202 201 201 204 201 204 202 202 203 204 203 204 202 
111 93 145 102 114 171 124 128 119 124 123 136 143 97 112 158 90 215 208 180 75 102 99 94 209 214 220 243 252 252 254 254 254 253 255 253 253 252 252 251 247 239 235 225 221 217 209 205 205 202 204 201 203 203 204 204 202 201 205 202 204 203 200 203 204 204 201 202 204 204 204 203 205 205 202 202 202 201 202 202 201 202 203 202 201 203 204 202 203 202 205 202 
108 104 125 108 113 161 146 147 120 121 115 163 130 112 120 135 98 213 208 157 75 118 96 122 207 217 229 250 253 252 254 254 254 253 255 253 255 252 252 252 245 240 237 225 222 217 209 205 204 203 200 200 202 204 203 202 202 202 204 203 203 203 201 202 204 202 204 204 204 203 202 203 205 205 203 201 202 202 201 202 202 202 204 204 203 203 204 206 204 203 202 203 
103 112 125 111 126 150 151 195 122 115 135 148 95 128 201 215 206 207 201 210 206 140 104 131 225 243 248 250 253 255 253 255 255 255 254 253 255 254 254 254 252 247 232 224 227 217 207 191 199 203 204 204 203 206 205 205 204 202 204 202 202 203 202 201 202 203 203 202 204 204 202 203 203 203 204 203 205 203 203 202 203 203 205 202 202 202 203 203 204 204 204 201 
105 132 124 110 151 149 154 183 115 120 136 119 115 148 234 235 219 210 212 212 219 221 202 219 244 248 252 252 254 253 253 253 255 254 254 254 254 254 254 252 214 224 218 182 163 215 162 122 115 182 175 208 200 204 205 204 203 203 202 201 204 205 200 202 203 203 203 202 201 204 202 205 203 203 203 203 205 204 204 203 202 204 203 199 202 202 202 203 202 203 205 203 
119 138 121 106 169 146 153 161 115 126 167 80 96 130 249 243 235 224 223 226 227 239 246 252 253 252 253 253 255 253 255 255 253 251 254 252 88 58 47 42 47 54 53 46 60 46 43 34 39 52 55 73 115 117 150 180 203 202 204 204 203 205 204 204 202 204 204 203 203 203 202 204 204 202 204 200 202 204 202 202 202 202 205 203 204 202 202 203 203 206 204 203 
120 142 121 115 167 146 163 149 118 125 186 71 110 117 250 246 234 232 231 230 234 247 253 254 253 254 255 255 255 254 254 254 254 254 254 123 70 65 58 49 45 48 46 37 40 39 44 48 44 55 52 48 55 53 69 54 106 158 201 203 203 207 205 207 202 204 202 204 204 203 204 202 202 203 203 201 205 201 204 203 204 203 205 204 204 203 203 203 204 205 202 202 
128 148 124 148 155 154 187 127 122 141 187 66 138 129 251 247 240 243 239 238 241 252 252 255 255 254 254 254 254 244 222 251 254 93 53 71 54 44 40 48 35 33 42 33 37 37 35 35 36 47 45 41 46 46 53 62 67 47 69 109 170 193 204 208 205 202 204 208 204 203 202 205 203 201 204 202 203 203 204 204 204 202 205 203 203 203 203 204 204 202 204 205 
161 145 119 166 158 160 200 164 121 149 187 101 134 210 252 248 239 243 240 240 244 253 254 255 254 253 252 210 210 137 128 127 102 61 39 54 38 48 41 45 38 39 32 34 35 32 36 34 24 38 40 30 39 35 40 46 58 44 48 59 77 158 199 201 204 203 204 205 204 203 204 203 203 202 204 202 204 205 203 204 205 202 205 203 205 203 205 204 203 203 204 204 
131 148 112 167 153 170 186 146 148 164 169 108 138 248 252 251 239 243 240 242 247 254 254 254 254 253 219 85 78 80 151 131 65 79 54 46 51 48 47 44 41 43 33 34 30 27 34 33 27 32 35 32 31 39 37 45 38 50 36 54 61 82 130 197 200 196 204 204 206 205 203 206 204 202 204 202 203 202 203 204 204 203 205 202 203 201 204 202 203 204 204 202 
111 147 121 158 160 183 158 143 168 199 144 108 165 251 253 251 243 248 247 247 252 254 253 254 63 69 50 52 69 37 55 57 49 50 44 35 30 40 34 31 30 30 33 25 29 26 35 25 28 33 26 27 27 31 28 34 42 28 34 34 38 75 66 74 105 180 176 193 202 205 206 205 205 203 203 204 204 203 203 203 203 203 202 202 204 203 203 202 204 204 202 203 
114 122 150 157 159 189 155 142 173 199 137 104 228 252 253 246 241 249 247 252 254 254 254 219 67 57 58 44 51 49 37 47 41 36 45 33 33 37 35 26 27 29 29 23 26 27 30 27 23 29 24 25 24 30 54 33 51 25 33 32 33 57 48 78 89 175 153 191 201 209 208 210 204 205 205 205 206 204 206 204 203 202 202 203 203 203 203 204 204 203 203 203 
126 126 162 175 164 205 149 144 201 183 112 138 252 253 254 247 245 244 253 246 253 165 69 58 77 71 49 47 46 38 38 33 43 35 38 26 32 29 33 30 22 24 23 24 19 22 28 22 23 26 24 21 25 24 26 25 40 28 26 32 33 39 41 78 48 89 80 61 184 203 204 205 204 205 207 205 208 206 205 204 207 206 204 203 204 203 205 205 204 204 204 204 
133 112 150 148 182 200 147 147 206 181 158 167 252 254 254 248 248 253 248 254 254 80 68 51 74 57 46 36 40 36 35 33 38 29 42 31 32 32 38 32 24 25 22 21 22 23 29 24 22 27 26 18 20 26 19 31 56 25 26 28 30 34 48 60 50 48 60 48 97 192 198 204 205 207 205 207 203 208 206 205 207 204 204 202 207 205 203 205 203 203 205 203 
133 105 137 121 133 170 140 138 181 176 127 249 252 254 254 250 253 249 253 247 197 91 80 57 51 42 37 34 34 37 28 33 29 25 29 31 36 34 29 31 27 25 22 21 23 23 28 22 19 25 21 19 19 26 23 27 28 25 25 21 28 47 35 39 39 49 48 50 39 44 59 200 204 204 206 205 209 205 207 207 205 205 206 207 208 207 205 204 204 204 206 204 
132 112 130 134 137 157 146 155 177 171 111 249 252 254 253 252 254 253 250 212 208 62 66 53 44 40 40 36 32 33 29 32 28 30 27 26 35 28 29 36 26 27 24 24 25 26 21 22 23 19 24 20 17 27 26 26 25 25 27 34 41 35 31 33 29 36 33 54 41 36 44 140 187 198 208 208 209 210 208 208 209 207 206 206 207 206 205 209 207 206 208 206 
133 103 132 127 144 158 143 175 197 147 98 249 253 255 255 252 254 237 173 178 148 61 59 45 39 30 33 31 22 21 30 31 29 24 37 30 31 31 31 28 24 20 22 30 23 24 23 23 18 23 27 18 17 21 30 29 24 22 29 26 29 31 25 27 44 67 65 43 70 63 25 39 75 79 84 206 204 205 210 207 209 207 207 207 207 206 205 207 206 208 205 205 
126 123 133 131 157 160 153 181 199 124 106 250 253 255 253 251 252 158 205 89 60 62 50 54 36 29 31 24 20 36 29 32 28 28 30 29 35 33 31 31 26 25 20 30 26 23 23 24 23 22 22 17 24 25 24 24 27 24 23 27 35 31 39 41 33 33 40 29 43 26 23 35 104 87 103 155 201 206 208 208 208 207 209 208 204 208 205 205 206 204 207 205 
127 144 131 132 173 162 154 184 202 110 131 251 254 255 254 251 252 156 60 62 58 52 66 50 35 33 27 25 23 37 28 22 25 32 31 28 32 34 34 30 25 26 25 27 24 21 22 28 30 21 19 15 21 23 20 19 22 17 29 38 35 27 27 29 28 23 21 21 29 31 33 34 104 78 115 105 163 201 207 209 208 207 206 207 208 207 207 208 207 205 207 205 
123 150 129 133 192 167 174 201 180 103 208 252 254 255 254 252 217 53 96 63 49 38 51 54 35 25 22 35 27 23 22 26 31 30 32 28 38 37 32 30 32 26 27 22 23 27 30 28 31 26 23 25 23 19 21 26 26 23 22 24 23 27 28 23 29 30 35 41 25 16 19 28 104 72 109 69 79 137 212 211 209 209 207 207 209 208 207 209 207 205 208 207 
122 148 134 140 194 178 180 200 179 110 240 253 254 255 253 251 157 48 48 40 34 31 42 43 31 27 24 27 27 21 23 26 29 27 30 31 29 32 28 25 25 26 25 21 22 20 21 24 27 29 23 24 22 24 25 23 22 21 21 21 23 24 30 28 26 34 32 33 22 16 26 28 41 46 104 91 38 81 212 210 208 208 205 206 209 210 208 207 206 208 210 208 
129 133 134 156 199 139 168 200 150 143 251 254 255 255 254 219 171 38 46 38 43 37 37 32 32 27 28 21 24 25 28 31 29 29 26 23 21 22 25 23 26 26 23 21 24 22 21 24 31 32 29 24 24 26 26 27 20 18 20 20 17 19 23 28 30 25 25 32 29 29 31 28 33 36 47 110 67 43 213 211 209 208 208 207 209 208 208 207 207 206 208 208 
143 134 138 184 184 143 183 162 137 173 252 255 255 254 253 222 176 49 49 47 38 49 45 38 32 28 29 24 22 26 26 25 30 30 30 29 29 30 29 29 27 30 34 27 30 27 28 28 28 32 29 24 24 27 27 29 21 21 20 23 28 25 28 29 31 32 32 38 29 35 34 31 32 34 38 51 86 41 210 209 209 209 209 206 209 209 208 209 208 209 205 210 
168 128 145 204 157 157 178 147 115 220 252 255 254 254 253 199 74 44 70 57 43 41 42 40 34 25 26 28 31 33 36 37 38 32 36 42 50 55 55 56 60 55 62 55 65 55 57 54 49 40 42 39 30 28 26 25 40 36 33 29 27 23 29 26 30 22 28 26 25 30 34 44 60 53 66 65 48 28 206 213 210 207 211 209 211 209 210 208 208 207 207 205 
160 130 154 197 137 165 179 165 134 241 252 255 254 254 252 175 56 49 52 43 60 38 45 40 37 24 27 26 30 38 40 42 44 42 42 57 82 75 76 78 66 73 82 82 79 78 69 69 60 52 45 46 44 43 52 49 52 55 50 40 30 27 24 30 34 34 23 30 32 25 35 37 39 56 58 56 24 29 203 212 212 210 209 210 209 209 210 210 209 207 209 207 
192 137 181 198 142 187 169 188 165 249 253 254 254 253 198 58 61 49 48 39 41 49 45 40 33 24 30 46 47 50 56 66 78 70 80 88 94 97 104 103 110 113 116 119 120 114 111 115 115 89 91 80 77 69 78 88 84 87 86 75 59 54 33 28 28 36 44 34 32 31 35 28 34 49 57 55 70 33 209 214 211 209 210 207 208 208 209 209 209 208 208 207 
174 180 197 194 139 189 173 181 189 250 254 254 255 253 145 55 44 45 44 39 46 51 45 35 28 29 37 58 60 65 62 74 83 82 92 92 118 124 121 124 130 126 124 125 130 127 127 128 123 117 113 107 98 100 104 103 104 99 96 92 82 68 35 28 29 29 34 32 27 24 25 30 37 50 56 49 33 77 214 214 211 210 211 208 208 208 210 208 210 209 208 208 
164 146 220 162 146 181 192 164 230 251 254 254 255 254 70 47 51 45 46 42 49 39 35 31 32 44 71 94 91 95 92 88 86 126 135 134 135 135 130 131 135 134 135 134 134 136 136 134 134 132 132 128 126 122 123 123 125 122 123 107 104 105 71 43 34 27 25 22 21 25 33 23 26 34 36 30 45 166 212 212 211 208 210 209 210 209 209 209 209 210 209 209 
151 155 230 158 147 186 198 166 247 252 255 254 255 254 64 42 51 46 46 52 48 37 36 32 37 63 95 107 107 113 110 117 121 142 140 139 143 139 138 139 136 139 140 136 137 137 137 139 139 136 140 134 132 129 129 127 128 129 129 125 124 117 112 64 45 35 31 22 20 21 21 25 38 31 36 37 38 113 212 213 211 212 212 211 211 211 210 209 210 209 209 210 
158 165 233 157 154 188 202 170 250 250 254 254 255 253 61 42 52 43 48 53 55 34 36 47 64 91 106 119 122 121 126 130 136 144 145 144 144 141 139 139 137 139 138 137 139 137 140 140 137 135 138 137 134 133 132 130 132 129 133 132 134 135 130 119 85 63 50 36 21 27 30 27 29 46 39 53 36 68 212 212 212 211 211 211 213 211 213 211 211 210 209 209 
172 175 218 166 157 180 206 133 251 254 254 254 255 253 77 49 49 47 46 49 31 38 47 47 100 121 123 131 129 134 138 138 139 141 142 142 138 140 141 138 142 143 144 139 138 140 139 140 136 139 138 136 135 135 134 131 133 131 132 134 138 141 145 140 133 116 93 62 25 21 28 31 27 35 50 57 44 48 210 213 213 213 212 213 214 212 210 210 209 210 210 209 
176 186 215 169 149 176 191 115 252 252 254 254 255 254 105 50 45 52 55 37 32 49 57 67 119 123 126 136 134 135 140 140 139 142 142 141 141 141 141 142 144 144 145 142 139 141 138 139 140 139 138 137 135 135 134 133 133 133 134 132 141 144 147 142 137 123 106 77 23 21 26 44 30 32 39 51 36 49 213 213 214 212 212 213 211 211 212 211 212 211 213 210 
199 208 207 214 154 178 185 129 252 255 254 254 255 254 230 70 58 49 47 35 43 64 90 107 127 132 132 131 135 136 139 138 140 140 143 144 146 145 148 147 143 143 145 139 139 141 141 140 141 139 141 139 139 137 139 137 136 136 135 138 143 147 149 146 141 131 129 109 34 30 20 46 35 41 49 38 112 160 210 217 214 214 214 213 214 212 213 212 213 212 210 209 
204 221 195 217 189 197 183 151 252 252 253 254 255 254 228 73 62 48 45 41 44 75 93 126 129 133 134 134 134 135 139 138 141 143 144 144 145 145 145 145 143 141 144 139 140 140 142 141 144 143 141 140 140 141 138 137 137 134 135 139 139 145 149 143 139 133 130 118 59 26 22 29 28 42 44 39 150 182 216 215 214 215 215 212 212 213 213 211 212 211 210 210 
213 222 189 210 190 207 151 200 252 251 254 252 255 254 208 82 55 45 49 46 51 97 120 123 129 131 135 135 134 133 137 138 139 144 145 145 147 148 148 147 145 145 144 141 142 141 144 144 146 141 141 141 143 139 140 138 142 140 139 140 139 143 147 146 143 138 133 127 86 63 40 26 33 33 39 61 159 216 219 218 216 213 214 212 213 212 213 211 213 211 212 211 
210 220 189 212 188 213 145 195 252 251 254 253 254 253 201 80 73 56 51 43 47 103 122 129 128 126 130 132 131 133 136 138 142 144 144 145 149 148 149 150 147 143 145 142 142 142 144 144 144 141 143 140 143 143 140 140 141 140 141 139 139 142 144 143 139 134 135 132 106 82 42 23 51 26 46 63 136 209 219 213 217 215 213 212 214 212 213 211 213 211 213 212 
209 216 197 205 181 207 138 223 252 253 252 255 254 253 231 78 69 51 52 51 89 125 131 132 124 123 128 124 130 134 139 143 145 147 149 147 154 150 149 148 144 147 145 143 146 146 146 145 144 142 142 142 143 144 139 141 141 144 145 145 147 147 144 142 137 133 134 133 127 114 69 33 33 39 33 68 187 216 219 215 213 215 214 212 214 213 214 214 211 212 213 214 
212 221 205 204 178 210 198 248 253 251 253 253 255 253 252 88 78 50 58 68 111 130 131 127 121 119 123 127 131 134 142 147 148 149 149 151 152 147 148 148 148 149 148 145 146 144 147 144 144 140 141 141 141 141 142 142 142 141 146 147 151 148 146 144 138 133 132 130 136 121 106 35 44 39 48 87 199 220 217 216 216 214 214 214 213 213 214 214 213 212 215 211 
215 210 209 204 166 192 184 251 252 253 253 255 255 254 253 102 83 62 62 78 120 130 132 125 119 121 126 129 131 132 141 143 146 147 149 148 150 147 145 145 144 145 145 144 146 145 145 145 145 138 140 138 139 139 139 139 138 140 143 146 149 147 146 143 138 132 132 130 134 130 115 45 37 43 59 104 211 221 218 218 216 214 215 213 214 214 214 214 216 215 213 213 
212 221 212 191 178 151 244 252 254 250 254 254 254 254 253 213 85 69 79 121 132 127 122 121 112 111 111 116 121 128 128 131 127 126 127 129 131 132 133 131 136 135 138 138 138 138 139 136 139 135 134 132 133 129 128 129 127 122 126 123 124 123 124 122 126 116 121 126 131 132 124 65 37 38 69 190 224 220 220 218 219 216 216 215 215 215 216 216 215 214 216 215 
210 217 218 180 187 141 249 253 255 253 254 251 254 254 254 251 107 73 101 130 136 121 122 94 85 98 99 109 111 103 90 103 107 108 113 111 108 117 124 122 127 128 133 135 138 134 133 132 134 132 132 130 124 122 121 120 120 118 116 103 104 105 112 114 107 104 97 99 132 129 127 81 35 49 51 202 222 222 221 219 219 217 217 214 217 218 215 217 216 213 217 213 
214 212 224 180 160 138 249 254 253 251 252 253 255 253 254 252 227 85 142 136 133 100 74 73 62 60 57 55 50 50 50 57 61 50 57 63 86 80 100 101 105 115 121 120 127 129 126 126 127 122 119 112 107 103 94 95 83 66 59 55 57 56 47 54 52 55 56 50 69 116 129 114 43 44 49 216 222 223 221 221 221 221 220 218 217 217 218 217 217 215 219 219 
223 215 222 177 175 140 250 254 253 251 252 253 253 253 254 252 250 87 145 147 120 77 74 59 56 51 53 47 48 44 39 42 45 46 45 51 58 66 74 87 98 114 114 119 123 126 127 125 124 115 108 104 91 78 75 70 59 47 44 34 38 35 36 38 40 50 48 53 56 63 123 133 72 41 51 222 223 224 221 220 221 218 221 219 220 218 221 215 215 215 216 216 
226 197 214 184 148 207 252 254 254 252 252 253 252 254 253 253 251 90 154 143 116 86 85 76 67 60 57 48 40 39 35 33 31 35 38 51 54 63 56 68 88 103 100 112 119 122 115 117 114 86 73 68 48 42 38 41 30 24 22 22 23 20 31 32 42 49 46 49 55 58 71 137 107 47 143 223 224 225 222 221 223 221 223 222 221 219 218 219 218 216 216 215 
223 193 210 169 161 246 252 254 253 253 252 253 253 253 253 254 252 112 153 138 115 95 84 77 82 87 81 70 58 55 38 42 42 36 35 49 47 58 51 71 85 87 100 116 121 122 115 108 102 70 54 55 44 43 30 24 24 22 18 23 22 19 25 23 33 54 59 62 59 64 78 138 120 50 135 221 225 223 223 220 221 223 224 221 224 218 218 218 218 218 217 217 
211 205 193 162 164 249 252 255 253 252 252 252 253 253 253 253 252 167 159 152 146 124 116 111 119 111 104 98 92 85 78 74 70 61 57 57 69 71 70 77 88 104 106 119 121 113 110 105 103 71 58 58 38 39 37 34 44 43 47 62 63 64 70 71 88 102 97 94 93 92 104 136 140 53 189 224 225 231 223 222 223 222 223 220 222 218 217 217 217 216 216 214 
229 213 194 164 143 250 253 255 252 252 252 252 253 253 254 253 252 192 162 160 155 134 133 136 128 123 114 98 102 95 84 78 69 60 58 54 52 63 69 78 94 101 116 122 122 118 113 107 104 74 63 60 44 44 45 43 49 50 57 68 67 68 76 83 82 106 106 102 100 96 108 141 139 55 111 224 224 224 223 221 222 224 221 222 221 219 219 218 218 218 218 216 
225 218 180 166 128 249 253 254 254 251 254 253 255 253 253 254 252 130 167 160 156 147 138 137 133 119 115 99 102 93 72 65 63 50 53 48 44 44 47 57 99 112 119 130 126 124 113 113 108 94 75 57 38 40 47 48 48 49 51 56 55 57 70 79 85 106 107 109 112 110 113 141 142 64 92 227 225 227 224 222 225 223 224 223 220 221 221 219 219 217 217 216 
197 203 184 189 169 249 253 254 253 252 253 254 253 253 253 253 252 119 158 156 162 141 130 109 97 98 108 100 97 89 72 58 54 40 38 34 30 26 30 38 72 104 130 138 142 142 127 131 123 86 40 24 23 22 25 36 45 51 48 51 52 65 108 113 107 50 59 76 103 115 123 141 140 75 62 230 229 224 226 222 224 222 223 221 223 221 221 221 220 218 216 217 
195 191 197 195 180 250 252 255 253 251 252 253 253 253 254 253 251 128 158 158 151 133 117 107 103 123 113 65 48 33 28 29 20 30 38 34 36 35 33 36 59 109 137 142 147 140 138 135 126 82 28 27 25 27 33 35 18 16 17 12 15 17 30 43 64 99 67 77 99 108 130 138 140 86 52 227 228 230 223 224 226 224 225 224 224 223 220 220 218 219 219 216 
183 190 170 154 187 251 252 255 253 253 254 252 255 253 254 253 246 140 151 145 142 118 117 109 65 41 50 147 138 61 34 23 24 29 85 71 40 37 39 49 74 133 141 145 145 144 143 140 139 88 40 34 29 27 41 56 20 20 15 10 20 35 132 122 44 34 63 79 119 129 139 143 140 119 57 225 228 231 225 224 225 224 224 222 223 223 222 221 218 219 219 218 
178 198 176 170 207 252 254 252 254 254 252 251 253 254 253 253 245 144 148 145 141 126 119 113 98 107 91 86 136 131 31 28 28 70 76 58 36 38 39 45 103 139 146 145 146 142 140 141 138 102 52 33 33 29 41 48 45 17 17 13 18 44 133 80 55 92 112 114 124 125 135 140 141 135 53 228 229 229 226 224 225 225 226 225 221 222 223 223 219 218 219 217 
193 176 185 185 250 253 254 254 251 252 251 253 253 255 253 254 252 159 151 144 137 127 124 119 110 107 100 102 90 83 78 76 71 64 58 59 56 62 74 73 135 145 143 141 143 139 141 141 140 130 112 81 47 47 46 50 49 50 65 59 66 63 82 95 102 93 92 100 112 119 127 142 141 148 61 234 228 230 227 226 227 225 226 227 224 225 222 222 220 217 218 219 
195 173 192 189 251 254 254 254 253 252 253 253 253 255 253 253 252 159 149 145 137 129 125 122 115 106 105 100 90 94 71 67 65 58 61 57 71 77 77 102 141 143 141 142 143 138 141 138 140 128 123 107 53 48 49 48 44 46 48 47 56 57 80 80 86 92 93 102 114 118 126 139 143 144 64 233 228 231 228 226 227 225 225 227 226 227 222 221 221 222 219 217 
189 161 175 191 252 255 254 254 254 254 253 253 254 253 254 253 252 164 153 149 145 140 139 135 128 121 114 110 102 96 91 93 83 96 92 90 94 105 117 129 139 139 140 142 142 140 139 138 140 135 130 129 119 89 78 76 69 68 63 67 72 75 90 93 98 107 114 123 132 127 130 139 140 143 90 234 230 230 229 227 228 227 227 227 225 225 224 223 221 220 219 217 
175 161 165 197 252 255 254 254 254 253 255 253 255 253 254 253 251 158 155 149 152 147 146 143 138 132 131 123 121 113 105 101 101 97 93 98 117 125 129 137 137 135 144 141 143 142 138 139 140 132 130 125 129 122 100 84 83 85 86 85 93 93 101 102 105 116 118 123 123 122 136 140 143 143 111 232 228 230 231 227 228 227 228 227 223 224 224 222 223 220 220 218 
166 168 164 215 252 255 254 253 254 253 255 255 255 255 254 253 251 158 155 152 151 152 152 149 141 139 137 128 127 119 116 113 109 104 105 103 133 133 135 134 148 135 148 145 147 146 138 141 139 134 131 131 133 130 125 110 96 90 91 93 100 99 108 110 113 119 124 126 135 136 138 143 142 142 127 231 228 232 232 228 227 227 229 228 227 228 224 222 224 217 220 218 
179 185 190 246 252 255 254 253 253 253 253 253 253 254 254 253 249 165 167 162 156 154 152 151 146 140 135 125 126 120 123 125 126 130 134 136 136 139 138 133 142 145 146 146 151 148 142 140 142 136 134 126 134 137 137 135 133 126 122 108 105 107 113 114 120 124 127 133 139 142 143 144 143 143 140 224 231 231 229 227 228 228 229 228 227 227 225 223 223 221 218 214 
180 202 186 249 253 255 253 251 253 252 253 252 253 253 254 252 250 170 168 160 162 153 151 149 146 140 135 128 129 128 133 134 137 140 140 143 141 144 133 132 149 145 143 146 154 153 142 142 138 136 134 126 137 140 140 139 137 134 133 122 120 115 117 117 121 124 129 133 143 143 145 144 144 145 141 208 232 232 230 226 228 227 230 227 229 227 226 223 223 220 221 217 
196 204 209 250 253 255 253 252 253 253 253 253 253 253 254 252 248 177 175 168 164 154 152 149 147 143 141 141 142 141 142 142 141 140 143 144 147 141 124 125 141 136 131 147 151 152 137 146 148 137 130 123 122 135 137 141 138 136 137 133 131 130 127 124 123 122 126 129 137 145 146 147 145 145 141 193 234 232 231 229 228 227 229 229 226 227 225 225 223 222 224 220 
202 205 222 251 253 253 254 252 252 252 252 253 253 253 253 252 233 184 177 169 165 156 143 148 149 147 146 143 144 143 143 140 141 141 143 145 142 134 126 133 142 143 144 149 153 151 144 149 149 139 130 123 124 125 132 136 137 137 137 135 135 134 130 129 128 128 127 133 139 145 148 147 143 146 140 195 235 234 231 229 229 229 229 227 229 227 226 224 223 222 223 219 
213 197 250 252 254 255 253 253 253 252 255 253 253 253 255 252 233 186 182 169 167 162 155 155 154 154 151 148 147 147 146 146 144 144 143 142 133 144 145 141 143 151 152 146 142 142 140 145 152 146 144 133 142 147 135 123 133 134 135 135 138 135 134 132 136 139 139 142 145 147 149 149 147 147 143 228 234 232 234 231 231 230 228 230 227 227 225 226 226 223 222 222 
213 181 250 254 255 253 254 252 252 252 253 253 253 253 255 252 223 188 184 170 169 160 161 156 154 155 153 148 151 148 148 146 144 142 138 137 150 154 151 152 146 154 158 147 143 140 134 140 150 150 145 142 149 151 144 121 131 132 133 136 137 134 134 138 140 140 143 144 146 146 149 148 146 148 139 233 233 233 233 230 230 230 230 229 230 226 226 227 226 225 222 220 
229 148 251 254 253 254 254 254 254 253 254 253 255 255 255 252 213 188 181 173 173 166 162 158 158 154 155 149 151 150 145 144 143 136 135 128 160 154 146 145 146 146 146 132 130 125 120 123 129 132 130 118 107 110 125 130 120 123 131 130 133 135 138 140 142 145 144 146 152 148 148 150 147 145 140 236 235 235 233 231 230 231 230 229 226 226 226 226 226 222 221 216 
219 146 251 254 255 252 254 253 253 253 254 252 255 253 255 252 231 193 180 175 170 167 166 161 156 158 154 152 152 151 147 143 140 132 131 136 143 127 107 108 135 140 144 132 123 116 113 117 123 125 110 28 53 100 122 123 116 119 127 130 134 137 141 140 143 145 144 150 150 149 147 149 146 145 133 237 235 236 234 231 232 230 231 230 228 228 228 227 225 223 219 216 
211 150 251 254 255 255 253 254 253 254 255 255 253 255 253 252 219 189 178 177 172 169 168 162 159 157 157 150 151 148 146 143 136 130 134 135 123 92 52 35 34 84 128 117 110 104 101 105 114 39 19 29 62 83 117 121 119 121 127 130 132 138 139 140 143 143 144 150 151 149 147 146 147 147 117 238 235 236 233 232 232 229 232 226 230 229 227 227 226 225 220 220 
186 203 251 253 255 255 253 253 253 252 255 253 255 255 255 252 244 191 184 179 171 169 165 165 158 157 154 153 151 144 139 141 135 137 141 138 124 95 92 90 85 93 97 105 99 87 90 99 106 138 126 105 88 95 110 115 120 121 124 128 134 136 135 138 138 142 146 149 146 146 147 146 144 142 87 238 236 236 232 231 232 230 231 231 231 228 227 227 226 224 222 222 
160 182 252 254 254 252 253 253 254 254 255 255 255 255 255 253 249 188 184 175 176 168 168 163 155 152 151 150 151 143 139 140 135 139 140 136 129 100 88 91 100 102 111 96 102 87 95 90 110 114 108 96 89 110 120 122 119 120 124 126 133 134 134 134 137 143 144 149 145 148 147 144 141 136 84 237 237 237 231 233 233 231 232 230 232 229 229 227 226 224 225 222 
185 216 251 254 253 254 253 254 252 254 255 253 255 255 255 253 250 188 182 178 172 168 164 163 154 147 155 148 149 142 141 137 138 142 137 138 132 130 113 105 103 107 110 100 81 75 85 88 91 110 120 107 116 117 117 118 119 121 125 126 131 136 133 133 137 140 142 147 143 142 143 141 140 127 86 240 238 239 233 233 233 233 231 232 229 230 228 226 224 224 224 223 
193 237 252 253 254 253 254 254 255 253 253 255 255 255 254 253 251 175 180 164 172 170 167 166 152 150 152 149 149 146 140 138 143 140 138 139 134 119 114 111 103 83 80 86 75 60 79 81 84 75 101 105 111 114 118 117 123 122 122 127 133 134 133 134 135 139 142 144 142 140 144 139 135 114 91 239 240 236 235 235 234 231 232 231 230 228 227 226 226 223 222 220 
209 248 252 251 254 253 254 254 253 252 253 253 253 253 254 252 252 174 176 170 172 165 165 164 156 154 152 144 146 146 138 139 129 121 124 94 94 96 78 55 41 43 61 76 60 65 68 60 61 39 42 40 57 74 82 91 100 113 114 111 132 133 130 131 130 140 138 137 139 139 138 129 126 75 184 243 238 240 236 234 233 233 233 231 231 228 229 227 224 221 223 219 
242 251 253 253 254 253 254 254 253 252 253 254 253 253 255 254 253 186 181 171 173 162 164 155 152 151 152 144 142 144 124 108 111 92 87 73 69 76 65 52 36 43 67 78 63 62 62 63 69 39 37 37 35 51 51 78 55 79 88 101 119 135 132 131 132 137 136 135 137 134 137 128 109 67 195 245 240 236 239 235 233 231 230 231 230 230 229 228 227 223 224 223 
253 253 254 253 253 253 251 252 253 254 253 253 255 255 253 254 254 227 169 159 169 155 155 155 150 149 151 142 138 127 79 71 60 52 63 63 72 67 64 54 48 79 109 87 72 61 73 84 98 49 38 38 43 53 41 48 36 43 40 50 71 97 132 130 129 129 133 129 130 129 127 115 77 146 239 247 240 243 238 237 236 233 230 230 231 231 229 227 226 224 224 219 
252 254 255 253 253 253 250 252 253 253 253 253 255 253 254 253 254 250 162 169 166 151 152 153 149 145 148 143 141 111 77 62 64 64 64 57 74 80 63 67 96 110 122 112 108 103 99 110 113 82 73 55 54 61 46 51 37 39 41 36 41 75 133 134 132 129 130 128 127 125 122 107 73 188 243 243 243 241 238 236 237 234 234 232 231 231 228 226 227 224 224 222 
255 255 255 255 253 253 252 251 253 253 253 253 253 253 253 254 254 252 189 159 168 151 150 151 150 148 147 148 133 87 68 65 66 61 69 76 80 92 106 99 84 86 102 118 124 125 103 94 88 80 85 101 78 75 82 52 43 34 36 38 40 40 130 132 132 129 129 123 118 122 121 106 66 221 246 244 244 244 237 236 239 236 234 232 232 229 228 227 226 224 223 220 
255 255 255 253 255 253 253 253 253 253 253 253 253 253 253 253 253 254 240 156 168 155 145 148 146 148 150 135 101 85 73 81 77 89 93 103 131 97 77 70 78 91 86 83 89 87 78 64 70 67 67 70 78 100 106 102 67 59 58 52 59 54 73 123 132 129 130 122 113 116 120 61 176 248 245 243 243 241 240 240 237 235 235 232 230 229 228 229 228 227 223 220 
253 255 255 253 255 253 253 253 253 253 253 253 253 253 253 253 252 254 253 198 156 156 144 146 148 149 149 144 116 91 95 86 77 84 95 96 78 71 71 70 90 85 96 79 87 79 77 62 64 64 63 58 60 65 91 101 74 63 66 64 67 72 78 110 127 131 123 121 105 101 118 83 217 245 245 243 242 242 239 238 236 236 233 232 233 231 230 228 228 228 223 221 
255 255 255 255 255 255 255 255 254 254 255 255 255 255 255 255 254 253 254 252 176 160 155 137 147 148 147 132 119 97 89 73 65 49 53 90 93 101 100 95 89 85 78 67 57 48 59 54 61 73 76 79 71 73 75 49 33 36 46 68 83 85 96 117 123 120 118 110 100 102 82 193 248 247 247 243 244 240 243 238 237 236 233 232 233 231 227 231 229 226 225 224 
253 255 255 255 255 255 255 253 254 254 255 255 255 255 255 255 254 252 254 253 211 151 154 153 144 147 146 144 118 101 90 86 69 81 85 108 129 127 119 120 123 120 116 116 105 99 101 92 88 105 98 102 105 109 105 90 31 35 42 63 79 91 100 120 124 119 111 106 94 92 57 247 245 246 246 243 243 242 240 238 235 236 235 231 232 231 229 228 227 227 225 224 
255 255 255 255 255 255 255 255 255 255 255 255 255 255 255 255 255 252 254 254 252 135 142 146 132 137 143 140 128 108 103 96 101 117 120 121 120 118 119 127 124 124 120 112 110 106 107 111 107 116 113 116 106 102 103 104 108 94 72 66 81 92 106 122 115 110 107 101 95 56 62 247 245 247 246 243 247 243 242 240 237 236 235 234 235 232 231 228 228 228 225 223 
255 255 255 255 255 255 255 255 255 255 255 255 255 255 255 255 253 254 253 254 253 156 134 138 135 129 135 132 122 110 103 105 109 119 113 115 117 113 114 114 117 124 103 106 104 102 104 103 107 99 114 98 91 96 102 103 105 102 88 76 73 83 101 110 110 105 98 106 69 72 153 252 247 247 248 244 247 243 242 240 238 236 238 234 233 231 231 229 230 226 227 223 
254 254 255 255 255 255 254 254 255 255 255 255 254 254 255 255 254 254 254 254 254 238 128 120 128 124 126 119 106 94 103 95 107 113 114 111 94 98 102 92 86 89 78 81 81 84 78 81 77 75 75 77 85 90 95 97 100 97 92 75 73 74 80 91 102 98 96 91 65 216 239 252 249 247 247 244 246 244 240 242 239 237 238 233 236 232 232 229 228 225 225 223 
255 255 255 255 255 255 254 254 255 255 255 255 254 254 255 255 253 253 255 255 254 252 171 114 119 115 125 113 113 94 99 92 98 107 108 104 97 78 77 71 75 80 72 66 66 67 66 66 63 68 65 68 80 86 87 90 98 92 75 73 70 79 70 90 99 93 78 68 81 222 252 253 249 247 247 245 248 245 243 242 240 237 238 234 234 232 232 227 227 227 226 226 
254 253 253 255 255 253 255 255 253 253 255 253 253 255 254 255 255 255 254 254 255 254 231 155 96 98 100 94 97 73 74 74 73 93 99 91 88 81 75 66 42 29 23 31 34 37 34 44 41 45 52 55 67 74 75 82 73 66 56 49 52 47 79 84 81 75 50 53 250 253 252 253 250 250 250 246 248 246 240 241 240 238 237 236 232 233 232 231 228 227 225 226 
253 253 253 255 255 255 255 255 253 254 253 255 255 255 254 255 253 253 254 254 254 253 252 193 87 87 80 94 89 80 72 66 58 78 90 83 87 77 79 62 45 43 45 53 46 49 58 52 60 53 55 57 62 72 71 69 52 43 51 34 41 46 57 72 70 52 32 57 254 253 251 251 250 249 251 247 248 245 244 243 241 238 236 235 233 232 230 230 228 226 224 222 
254 254 255 254 255 255 255 255 254 254 254 255 255 254 254 254 253 253 252 252 252 252 251 129 82 90 77 68 87 72 61 61 66 71 83 82 86 82 76 69 65 70 78 75 67 71 65 83 80 68 68 62 70 73 68 60 44 36 40 37 34 33 53 49 54 41 50 205 254 252 253 253 252 252 250 249 248 249 244 244 242 238 237 235 234 234 231 230 231 228 224 226 
253 255 254 254 254 254 254 254 254 254 252 254 253 253 252 251 223 147 156 176 174 182 124 112 81 79 75 60 64 67 54 55 52 59 69 85 92 84 91 94 92 90 89 71 69 68 72 76 76 84 86 81 71 61 48 42 28 23 25 23 33 33 36 36 33 36 83 119 108 113 150 253 252 250 251 248 249 247 245 244 243 243 239 238 236 235 234 231 229 230 228 228 
255 253 254 253 254 254 253 253 253 252 253 252 253 251 198 197 199 136 170 160 151 128 85 114 82 80 77 69 63 58 52 50 52 64 72 78 84 86 96 94 91 82 85 64 57 53 56 67 70 81 91 86 71 54 37 32 25 22 25 20 25 27 29 35 36 90 52 61 123 102 121 145 229 253 253 249 251 251 247 248 247 244 239 238 239 237 236 234 233 230 231 226 
253 253 253 252 248 223 211 204 193 191 189 188 193 175 178 179 142 149 150 134 163 70 83 147 118 79 70 60 61 56 48 50 51 48 59 69 66 84 80 78 76 63 62 53 52 55 40 45 48 70 73 61 65 47 46 30 24 19 18 22 21 22 27 30 39 105 30 11 123 131 76 115 58 163 143 116 143 252 247 243 245 239 240 238 235 234 232 233 231 227 225 223 
207 203 199 196 193 181 177 174 175 175 179 176 173 159 165 180 115 155 141 141 119 66 87 149 132 106 80 75 60 64 43 50 49 49 63 54 66 72 66 63 62 59 47 39 43 47 40 42 47 55 56 60 46 42 39 36 29 22 22 23 25 23 30 41 73 113 62 14 100 129 98 127 108 102 131 153 140 161 182 200 206 227 234 238 237 236 232 233 233 229 228 227 
179 181 173 169 168 165 166 164 163 166 168 167 151 158 168 120 161 137 127 137 91 89 91 142 133 129 114 62 59 57 50 50 43 53 51 56 59 50 54 56 46 44 44 45 41 36 38 42 35 37 39 42 32 30 34 34 26 27 24 19 21 22 65 94 110 115 77 41 26 99 125 86 123 98 85 142 142 129 131 134 130 131 131 130 131 134 136 144 142 144 141 136 
168 168 171 164 163 160 165 164 165 166 169 163 143 157 157 132 148 128 136 111 71 90 93 132 131 126 119 97 64 50 50 53 43 52 58 56 55 52 47 45 51 41 42 43 38 39 33 36 41 31 30 35 29 25 27 26 24 30 24 19 20 19 92 102 104 108 76 45 15 65 116 85 112 123 25 115 140 134 141 128 128 127 126 128 128 132 133 136 134 136 135 137 
158 157 160 158 161 162 161 163 166 161 165 127 142 149 100 150 148 122 144 90 63 92 89 124 128 126 125 112 95 89 44 43 44 49 52 48 44 43 45 36 32 34 33 32 28 33 34 27 23 25 23 31 26 27 28 26 25 27 25 20 41 73 104 105 110 104 76 57 23 20 79 122 88 122 131 140 119 137 105 139 124 122 120 121 129 127 126 126 126 128 130 126 
156 156 158 156 158 155 157 160 162 165 163 125 151 150 137 152 150 123 135 76 70 92 84 117 123 123 122 114 108 103 55 50 43 40 46 41 37 35 35 34 29 31 33 26 27 26 26 25 25 22 24 23 29 24 26 31 28 22 18 55 81 89 105 107 109 104 61 51 35 22 50 131 86 103 126 88 117 146 99 108 128 121 123 123 123 124 122 124 126 122 128 126 
153 155 155 156 159 158 159 156 157 162 157 129 148 157 164 142 137 134 121 75 76 90 78 112 118 123 120 113 106 107 99 59 54 41 39 38 36 33 35 30 29 27 30 24 25 25 26 30 26 25 28 22 24 24 25 32 23 23 31 78 85 97 106 107 108 100 57 55 41 29 21 113 116 99 119 31 126 114 96 97 117 120 119 120 119 117 119 118 120 122 123 122 
153 153 153 150 156 156 156 161 161 149 130 149 141 155 153 136 124 137 101 61 88 104 71 103 118 117 115 113 111 109 97 98 91 52 42 37 31 33 33 33 28 23 22 25 20 19 20 20 21 19 23 23 20 21 22 30 24 43 62 94 101 102 108 108 107 92 47 71 55 40 29 102 123 94 88 116 37 125 136 93 100 123 119 116 121 121 117 121 123 119 119 118 
153 150 152 151 153 157 157 161 157 139 118 141 148 119 148 132 126 138 97 63 95 101 81 101 115 116 112 111 112 112 101 98 93 67 57 34 33 30 27 32 27 22 22 22 21 20 22 22 22 20 18 17 26 24 28 22 51 77 88 93 103 103 106 103 106 92 59 70 60 49 36 95 110 118 94 124 34 119 132 95 100 127 116 117 120 120 118 120 120 118 120 115 
151 151 153 150 155 156 152 156 145 121 116 129 162 81 129 131 122 138 90 76 95 105 99 82 105 110 107 112 111 114 100 100 89 81 82 81 62 33 26 30 27 22 23 25 21 23 19 23 25 23 21 21 56 55 48 60 80 84 93 99 103 102 101 101 102 26 74 73 70 63 49 72 109 123 85 114 125 29 89 134 97 99 132 114 116 118 118 120 112 119 119 119 
149 147 154 154 155 154 154 157 131 112 128 135 159 99 139 128 121 136 88 75 99 104 104 70 105 112 112 111 115 108 105 100 100 99 82 84 66 69 70 42 42 35 29 34 38 33 24 39 34 59 57 63 59 60 76 67 80 88 93 102 103 100 101 98 101 42 68 70 70 69 62 69 100 120 96 116 122 54 106 120 116 103 117 127 119 117 119 113 117 120 118 118 
149 151 151 147 156 154 151 151 115 129 128 148 105 154 135 126 125 133 77 83 105 108 107 74 111 103 109 108 111 107 106 102 103 96 88 89 76 75 77 77 71 62 71 65 59 69 58 66 63 69 70 69 72 79 76 78 87 85 92 96 99 100 98 90 55 54 76 84 89 85 79 51 87 107 131 100 130 120 129 91 121 94 101 105 115 117 117 118 118 117 120 120 
145 155 154 150 154 152 151 152 122 130 141 153 84 157 138 126 119 140 81 92 110 111 108 93 108 110 100 109 107 113 105 102 103 91 86 83 85 79 76 77 76 68 69 68 69 66 67 69 67 70 68 69 73 78 78 82 86 87 91 97 99 98 94 60 61 66 74 87 97 86 81 47 87 109 140 94 122 145 54 123 103 103 102 103 115 116 116 118 117 119 120 119 
146 146 154 151 155 149 146 132 120 126 141 158 83 151 134 134 121 125 85 98 113 116 114 113 105 112 112 99 104 112 106 103 108 99 93 92 87 86 74 80 81 65 70 64 66 73 68 68 68 74 69 71 77 78 81 83 88 88 89 97 99 93 65 65 49 77 85 92 106 98 95 36 85 107 135 82 102 124 38 107 106 120 93 99 130 122 120 122 123 123 121 123 
150 146 151 154 153 151 149 115 122 139 131 145 96 152 124 141 119 132 88 104 116 117 118 115 106 111 113 109 108 102 109 108 104 103 99 93 89 86 85 81 73 76 76 72 71 76 69 70 70 71 70 68 76 86 80 84 88 90 90 91 95 91 70 69 49 88 93 99 107 100 94 52 73 126 128 77 91 120 50 41 124 122 102 100 130 124 123 119 120 122 119 122 
148 145 152 149 151 146 141 127 130 140 126 131 111 145 134 135 117 139 101 95 114 118 122 120 97 106 113 107 109 108 107 107 105 95 96 100 98 92 93 88 79 75 78 76 75 78 74 75 73 75 76 67 85 86 81 85 87 90 94 92 99 73 75 67 50 94 100 100 107 102 92 55 59 121 126 83 86 121 43 26 153 113 120 110 118 132 121 122 121 121 128 124 
149 142 151 146 145 148 136 117 134 126 117 90 142 144 134 128 120 142 106 96 116 121 121 118 87 109 113 110 113 110 109 107 108 108 105 101 104 100 97 86 86 87 89 84 81 77 80 79 76 73 77 77 82 79 90 89 88 88 90 86 82 76 78 69 36 95 102 106 116 103 95 64 60 91 135 83 91 110 48 43 66 111 127 128 118 117 129 124 121 123 124 125 
144 142 144 148 147 144 127 118 137 127 114 85 153 134 134 128 121 132 103 94 117 126 121 122 73 110 112 114 113 113 110 110 110 104 105 100 110 105 106 102 97 88 88 85 87 86 81 79 81 79 81 83 84 88 92 89 94 97 88 86 84 85 86 71 33 100 104 110 115 105 90 65 61 99 130 99 93 110 94 49 30 97 124 118 117 113 126 128 123 130 127 128 
134 137 143 146 143 129 128 122 145 124 113 81 155 141 133 128 131 130 111 102 119 131 129 130 75 108 122 120 116 113 114 114 115 115 107 106 117 105 110 106 105 93 97 91 89 92 85 86 86 86 83 76 86 92 92 98 86 84 89 94 94 90 81 54 72 103 112 114 117 100 96 65 55 87 119 88 89 93 142 42 41 107 97 132 120 123 121 126 130 131 126 127 