
140 110 89 145 135 115 151 129 165 142 136 101 139 133 145 107 204 166 150 127 137 217 216 224 221 217 215 213 217 220 228 228 230 238 240 239 237 233 230 229 225 222 221 211 210 205 199 198 195 194 196 196 195 193 195 194 193 192 195 194 192 195 193 193 194 194 193 194 193 193 195 195 196 195 196 195 195 194 194 196 193 195 195 193 195 197 196 196 195 193 197 193 
141 102 112 161 131 133 137 117 130 116 157 103 107 123 110 120 152 216 108 128 113 215 221 219 214 213 210 216 218 225 237 243 249 248 247 246 245 241 236 234 227 223 222 211 210 206 199 199 195 198 196 197 195 194 196 194 194 193 193 194 194 193 194 195 193 194 195 193 193 195 195 196 195 196 196 193 196 195 196 195 193 194 193 195 195 197 193 197 197 197 195 195 
133 106 138 164 134 133 137 117 125 121 149 127 105 123 143 67 66 122 141 112 115 208 220 222 212 210 211 215 224 230 246 251 251 251 251 249 246 246 242 234 227 223 220 214 212 207 198 198 197 196 196 197 196 197 193 193 192 193 194 195 192 194 194 196 194 195 195 192 195 194 194 196 197 196 195 195 196 195 194 194 197 195 195 195 197 195 196 194 195 193 196 195 
120 105 171 150 152 154 127 119 114 131 165 96 113 116 119 68 101 200 201 152 82 72 82 106 204 206 210 227 237 247 254 252 253 254 252 252 251 248 245 239 230 226 222 213 213 207 199 198 197 195 195 196 196 195 195 195 193 195 195 196 195 196 195 196 195 194 194 193 195 196 196 195 197 198 196 196 195 194 195 193 193 193 194 194 196 195 193 196 193 194 193 195 
118 111 172 150 154 149 125 110 119 139 122 91 142 113 97 91 81 202 203 79 80 113 87 99 202 206 216 235 245 252 252 253 255 253 254 252 252 249 247 242 233 226 224 214 212 207 199 197 197 194 196 195 195 194 196 195 195 195 196 194 196 196 195 194 195 194 194 194 197 197 197 196 198 195 197 195 195 195 194 193 196 195 195 194 198 196 196 197 198 196 197 194 
122 108 161 153 149 146 113 112 126 156 128 113 138 100 79 106 106 201 207 82 98 91 108 139 200 211 221 245 252 251 255 255 255 253 254 253 254 252 248 244 235 228 223 214 213 207 198 196 196 194 195 195 196 195 195 194 196 197 197 196 197 195 193 195 194 195 195 194 198 197 199 197 197 196 196 195 195 195 194 195 195 193 194 193 197 198 195 200 196 197 196 195 
119 112 153 155 146 130 116 109 144 126 111 165 124 191 222 209 202 201 202 215 214 109 91 182 222 236 245 251 253 255 253 253 253 253 254 254 254 252 249 247 238 230 225 214 212 205 200 196 196 196 196 194 196 195 195 196 195 196 195 196 196 196 197 196 195 195 195 197 198 194 197 197 195 194 196 197 197 195 196 196 195 194 195 195 197 198 196 197 198 197 197 197 
123 122 160 148 155 119 118 112 154 97 88 140 124 233 231 220 212 206 216 216 223 222 216 220 241 247 252 253 255 255 253 253 255 253 254 253 254 253 252 247 238 232 226 215 212 205 201 196 197 195 198 196 195 194 196 195 196 196 196 196 195 195 197 197 197 195 198 195 197 195 197 197 198 195 197 194 196 194 196 196 197 195 197 197 197 198 197 197 199 199 198 196 
114 163 146 145 174 118 113 120 176 111 66 109 217 245 233 226 221 219 220 225 230 245 247 250 253 254 255 253 253 253 253 253 252 252 254 254 252 253 253 249 240 236 228 216 215 209 202 197 197 198 200 197 199 196 197 198 198 198 197 195 198 195 196 196 197 196 197 194 198 196 196 197 197 196 194 195 195 195 197 196 195 195 199 197 198 198 196 196 197 197 197 198 
116 165 151 158 191 118 120 115 151 110 72 104 244 245 235 227 223 230 228 229 234 249 253 253 253 253 253 253 253 252 255 252 250 253 254 254 255 252 252 250 239 233 228 216 210 206 197 198 200 200 197 197 199 199 199 196 197 197 196 196 196 194 198 196 195 197 196 195 197 196 194 195 196 196 196 196 196 196 196 196 196 196 196 196 197 198 198 197 196 198 196 196 
147 154 151 171 173 153 149 136 131 67 116 240 249 248 238 231 227 237 234 234 248 253 254 253 253 253 253 253 254 254 253 253 253 253 254 254 252 254 252 253 247 240 207 217 214 181 193 188 181 74 46 55 65 104 123 123 152 173 194 193 197 197 197 198 196 197 198 196 198 196 196 198 196 195 195 196 196 197 197 195 194 195 199 196 199 199 197 197 196 197 196 197 
165 154 159 176 149 136 153 167 106 89 109 251 250 249 240 232 227 236 238 239 249 254 254 253 255 254 253 253 255 255 253 253 255 255 254 254 254 254 254 253 122 107 81 80 145 132 94 66 52 45 42 36 47 54 79 63 92 137 164 176 200 199 200 200 196 197 196 197 197 198 195 195 196 196 195 196 196 198 196 195 194 197 196 196 198 198 198 197 198 196 196 196 
153 158 171 176 149 139 163 201 83 110 118 250 253 252 240 231 233 240 245 247 253 254 254 254 252 253 255 255 255 255 255 254 254 253 254 254 204 135 85 60 49 46 52 50 44 34 36 33 39 36 44 41 42 41 39 45 44 57 55 41 127 163 193 192 197 199 200 200 201 198 198 197 198 198 197 197 197 197 197 195 198 197 198 199 196 198 197 199 198 197 196 196 
165 163 184 161 147 144 169 176 100 103 144 252 251 251 242 233 240 242 246 249 254 253 254 252 255 252 253 253 255 253 253 253 254 253 254 250 88 53 43 43 41 36 53 35 35 32 33 29 35 27 26 34 37 35 35 36 46 42 53 50 59 92 177 193 194 197 198 198 199 198 198 198 199 196 198 196 198 198 197 198 198 197 199 196 197 196 196 199 196 196 197 196 
149 170 182 155 147 153 183 167 118 91 201 252 254 252 241 233 245 246 250 251 254 254 254 253 255 254 254 254 253 254 244 193 153 215 232 161 58 54 49 43 48 33 48 35 38 42 28 29 32 34 28 28 36 37 35 33 32 55 43 59 49 49 132 150 182 194 195 198 200 199 200 199 198 198 198 198 197 198 199 198 197 198 199 197 197 198 197 197 196 196 197 196 
126 136 184 156 142 177 189 174 101 134 251 253 254 253 242 237 247 250 252 253 254 254 254 253 253 252 254 247 186 96 60 62 64 72 63 58 57 44 37 37 37 45 36 32 35 31 25 21 25 29 35 30 32 34 32 29 36 32 59 43 44 39 64 49 51 123 161 149 200 200 197 200 200 198 198 195 199 198 199 198 198 199 199 199 200 199 197 198 197 196 196 197 
123 132 171 147 144 183 173 171 150 205 252 254 254 253 241 242 250 250 252 254 255 255 252 252 254 254 254 95 78 63 67 56 47 56 58 51 60 39 39 38 40 52 30 27 31 26 22 21 24 27 32 28 30 28 30 29 42 34 42 51 49 39 46 48 49 91 148 123 194 205 200 200 200 201 197 201 199 200 196 196 200 198 200 196 200 200 198 197 197 196 196 196 
128 141 156 142 147 164 189 150 155 250 253 255 254 253 244 250 251 250 253 252 254 253 254 252 254 120 82 71 70 45 44 40 36 36 39 38 49 33 38 39 38 30 30 21 23 26 22 21 24 27 25 24 25 23 29 28 25 35 44 33 34 34 26 54 41 46 93 146 143 173 177 201 199 200 200 197 201 200 198 196 197 195 199 199 199 198 199 197 199 199 196 199 
128 146 157 145 147 159 192 136 181 251 254 255 254 252 243 250 252 252 253 253 254 254 254 254 153 85 69 60 63 52 43 39 33 36 41 34 39 34 43 31 33 29 23 20 27 21 20 27 28 23 21 22 24 24 25 28 28 29 41 35 34 24 34 41 37 43 73 93 96 97 118 196 198 198 201 195 203 197 199 199 198 198 198 198 198 199 198 197 200 197 199 195 
136 182 147 152 172 179 165 84 194 252 254 255 254 253 251 252 253 252 254 255 254 255 254 243 90 62 58 43 49 40 36 35 33 31 34 27 34 39 33 36 26 29 26 23 20 24 23 28 26 20 20 23 21 17 23 22 30 21 31 27 29 21 24 31 28 62 37 72 105 99 56 70 82 124 162 202 195 203 199 201 200 200 198 197 199 199 200 199 198 199 198 197 
142 189 159 158 179 199 149 92 225 253 255 253 254 253 252 252 251 254 254 254 255 255 254 207 110 76 52 41 46 41 36 36 22 29 30 27 31 40 35 29 25 26 34 20 21 18 23 25 30 19 24 26 19 23 26 22 22 27 24 26 30 24 33 37 39 39 36 35 71 130 48 39 45 47 77 196 202 200 199 203 200 198 200 195 199 200 200 199 200 196 199 200 
158 169 174 173 193 170 93 157 250 254 255 255 253 253 252 254 254 253 254 255 255 254 238 203 72 54 49 35 38 36 26 32 37 29 26 29 40 28 30 29 40 34 25 17 20 22 24 24 26 20 19 16 21 22 20 22 19 14 17 26 27 24 26 24 23 28 32 32 53 66 38 36 58 59 35 75 198 202 200 201 203 198 199 199 199 199 197 197 201 199 200 198 
179 165 154 186 188 171 105 173 250 254 253 255 252 253 253 254 254 254 255 255 254 214 223 117 62 55 51 36 37 35 34 44 41 23 26 27 35 30 27 27 34 26 22 16 21 24 23 24 26 18 20 20 22 19 19 18 15 18 18 21 24 28 21 24 33 28 30 29 37 49 40 30 42 37 27 47 164 201 201 202 201 201 201 199 200 199 200 198 199 199 199 197 
191 147 136 196 178 159 120 159 251 255 255 253 254 251 254 254 254 253 255 253 243 186 77 62 64 62 54 31 29 26 35 34 28 27 30 26 32 26 28 32 26 23 20 17 24 31 25 22 24 20 24 22 18 19 20 21 19 18 21 21 28 34 26 27 30 34 25 30 45 46 40 29 28 25 34 70 66 190 202 200 200 199 201 198 200 199 199 199 198 199 200 199 
178 129 168 166 157 117 175 134 252 254 253 255 253 252 253 255 255 254 254 232 126 147 132 145 59 48 49 27 28 39 32 29 24 27 26 25 30 31 31 32 36 42 38 28 31 28 24 20 16 23 24 19 21 19 21 21 22 16 20 21 20 25 21 21 22 28 35 33 36 32 21 34 26 26 31 58 62 56 201 204 201 201 202 200 202 202 201 198 199 199 200 200 
166 121 172 152 159 115 188 132 252 254 253 253 253 254 255 253 255 254 254 178 90 132 73 48 52 50 55 28 33 30 23 23 25 27 28 30 34 31 24 29 27 29 27 24 26 25 19 19 15 19 29 23 24 22 17 20 22 23 26 26 25 23 22 26 23 23 29 31 34 25 23 24 19 25 30 92 41 40 194 201 200 202 201 199 202 201 199 199 199 199 200 201 
142 135 175 150 180 179 124 186 252 253 253 252 253 254 253 253 255 254 179 166 62 45 47 37 46 33 50 26 29 22 25 24 25 28 27 27 28 26 26 28 28 26 26 26 26 29 25 27 23 25 31 30 24 24 26 25 26 26 27 19 22 23 18 23 25 31 28 22 28 39 26 25 20 22 36 78 65 41 114 160 204 200 202 200 201 201 199 199 199 199 202 200 
140 137 179 154 165 187 118 220 253 254 253 254 253 254 253 253 255 253 221 179 56 51 51 42 46 44 36 24 30 25 27 32 29 28 31 25 28 34 33 33 32 29 37 34 43 39 37 42 36 33 32 27 26 26 26 27 23 25 27 21 26 25 23 30 31 29 26 23 25 22 21 37 52 30 28 57 76 50 127 83 203 201 200 202 201 202 201 198 200 200 200 200 
138 140 166 174 136 124 119 249 254 253 254 251 252 253 253 253 255 255 193 73 52 45 40 51 40 40 35 31 29 26 32 36 39 48 50 53 58 60 77 71 63 60 64 63 65 65 63 56 56 53 56 47 30 28 24 25 29 35 45 38 33 26 21 21 26 31 32 28 24 23 25 29 40 45 49 53 66 72 177 44 203 194 203 202 203 202 201 202 202 201 201 199 
138 146 184 168 100 138 112 251 254 254 253 252 253 253 253 255 255 255 117 61 49 48 48 49 42 33 34 27 36 29 39 42 41 59 64 74 76 76 75 83 83 77 74 76 80 78 77 76 78 78 71 66 50 52 48 50 54 55 66 60 50 40 26 25 30 34 37 40 34 25 22 24 28 39 42 43 48 40 133 102 194 193 204 201 203 203 204 202 203 202 203 201 
138 167 191 152 136 119 208 252 253 253 252 252 255 253 253 253 255 190 71 44 47 41 42 45 41 35 31 27 40 53 63 66 63 63 71 73 103 112 115 122 121 118 117 112 117 116 115 114 115 113 111 106 94 86 76 88 86 85 88 77 78 68 47 34 30 31 39 35 21 22 30 37 30 29 47 50 42 60 105 172 186 205 203 202 203 203 203 205 202 201 202 201 
144 174 186 136 168 128 220 252 253 251 253 253 254 253 255 253 255 88 53 38 39 40 36 51 42 37 29 34 57 72 79 76 82 76 74 94 122 130 136 129 126 125 129 127 128 126 127 126 126 128 128 122 114 111 103 98 104 105 107 100 90 82 67 44 36 34 34 32 32 29 27 26 18 37 37 56 64 54 75 167 178 203 204 202 203 202 203 203 202 201 201 202 
155 181 158 107 171 125 249 253 254 252 255 252 254 254 255 255 254 60 48 50 43 49 48 45 39 31 36 65 91 103 107 111 106 118 127 135 140 140 139 139 141 137 138 137 136 136 135 134 138 132 133 132 131 129 125 126 123 124 125 123 121 120 108 82 63 30 27 28 39 27 22 29 21 25 24 22 33 88 169 154 189 203 203 203 204 204 202 203 203 202 199 200 
175 173 150 149 161 131 250 254 253 252 252 253 253 254 255 255 254 48 62 45 37 51 51 40 32 37 41 86 106 112 116 118 126 134 135 139 141 143 140 140 139 137 138 137 139 136 138 134 135 135 135 134 133 133 132 128 128 127 129 128 127 127 120 117 97 34 44 30 30 31 23 32 20 32 24 38 39 64 197 171 192 205 204 202 205 204 204 205 204 203 203 200 
184 167 123 171 137 160 251 254 252 251 251 251 252 253 253 255 254 53 56 42 46 42 45 34 37 38 50 105 112 113 120 126 132 136 137 138 141 141 140 140 140 139 139 139 143 140 140 138 137 136 136 136 134 136 132 131 130 129 132 130 131 131 125 125 122 82 56 53 31 16 21 27 31 25 32 45 38 49 192 182 196 201 204 204 205 205 203 203 202 202 203 202 
163 187 127 161 126 238 251 254 253 253 254 252 253 253 255 254 254 54 45 65 56 42 34 34 59 62 95 117 117 121 126 130 130 135 138 139 143 141 140 138 142 141 142 140 140 139 139 140 137 139 137 135 134 133 134 133 131 130 132 130 131 132 135 137 131 124 113 87 46 26 23 21 22 30 36 45 45 31 197 197 200 203 205 204 206 205 206 205 203 205 203 204 
159 199 177 144 120 246 252 254 253 254 255 253 254 253 255 254 254 66 52 44 44 34 34 43 67 89 110 119 122 120 126 130 130 133 137 138 140 140 139 139 139 136 142 136 138 137 138 140 139 135 139 134 137 136 135 134 132 130 133 129 133 134 137 135 135 128 127 108 47 27 24 18 22 22 43 40 35 52 192 204 205 205 206 204 206 205 205 205 206 204 204 204 
195 188 182 132 134 248 252 254 255 253 253 255 253 254 255 254 254 76 62 45 47 43 45 54 97 113 114 119 123 125 123 124 128 131 134 134 138 135 137 138 138 139 139 136 139 135 138 137 138 137 139 135 138 135 134 134 135 131 135 133 136 134 136 137 137 129 128 125 91 40 23 20 25 36 36 31 34 61 207 209 205 205 204 204 206 207 206 206 207 203 203 201 
186 217 172 127 134 248 252 255 253 254 254 252 254 254 255 254 254 83 63 54 53 48 48 65 106 116 117 116 125 125 122 125 129 132 135 135 137 138 137 140 141 138 140 137 137 135 136 136 138 138 139 140 140 139 135 135 135 134 135 135 133 134 136 136 135 126 130 125 99 55 31 18 25 32 48 32 41 112 208 206 205 205 203 203 206 207 206 206 205 205 205 201 
180 130 142 129 137 249 253 255 253 254 253 253 254 254 253 254 254 83 70 58 62 43 52 82 118 116 117 115 115 118 120 125 128 137 137 140 145 143 144 142 142 144 144 141 137 139 140 140 140 137 139 139 140 141 139 139 138 138 138 137 138 138 134 134 133 126 127 127 114 90 59 27 25 24 35 53 92 205 211 208 207 205 207 206 208 207 206 206 204 203 204 205 
194 163 135 132 154 250 253 253 253 254 253 255 255 255 255 253 254 84 73 49 49 47 73 109 113 115 116 112 113 113 122 127 128 137 144 142 147 145 144 143 143 143 145 144 140 142 142 141 143 143 139 138 141 142 139 140 140 139 139 139 141 143 139 137 132 126 129 125 121 101 78 30 29 47 22 40 83 211 206 211 208 208 207 207 207 206 207 206 205 204 203 205 
152 184 164 143 246 252 254 253 253 253 255 255 255 255 255 253 254 88 81 58 53 74 113 118 120 117 113 114 114 122 119 123 127 136 130 134 135 143 142 140 137 138 139 137 140 139 140 140 139 139 136 137 135 137 134 137 137 136 137 139 141 142 139 135 134 128 126 124 125 121 107 35 40 31 34 60 60 199 208 209 209 207 208 206 207 206 206 206 204 205 203 204 
130 182 128 193 250 254 254 254 254 254 253 254 255 255 255 254 253 88 83 63 61 104 117 122 116 112 110 110 107 107 114 123 129 124 123 124 128 126 129 129 132 132 136 137 138 139 138 136 137 134 133 134 133 133 132 132 130 129 130 128 127 128 127 129 130 124 126 124 123 122 119 42 34 31 39 66 73 196 211 210 209 209 208 206 208 207 206 205 205 204 204 205 
135 170 124 164 252 255 254 254 253 254 254 253 255 255 255 254 253 113 81 68 64 120 120 123 111 107 90 89 90 95 100 92 89 100 103 103 109 107 106 110 120 121 118 136 137 134 134 133 133 131 131 130 129 126 122 123 121 122 120 113 113 113 115 117 115 117 115 121 125 123 123 63 40 30 37 59 83 204 211 208 209 208 208 206 208 207 206 206 204 204 204 203 
174 130 133 222 252 255 254 255 254 253 254 254 255 255 255 253 254 177 92 78 66 126 124 112 64 63 64 53 49 50 46 45 49 51 54 47 64 61 65 73 99 93 106 118 122 123 129 128 128 126 128 123 114 108 105 99 93 88 71 55 55 60 57 57 60 58 67 77 97 124 118 103 56 31 34 51 177 214 211 212 208 206 207 206 207 205 206 206 207 206 206 205 
169 138 127 249 253 255 255 253 253 254 254 254 255 255 255 253 254 243 114 83 76 130 126 95 66 57 55 47 50 46 36 42 42 38 41 38 57 53 63 67 82 82 95 115 121 120 128 126 125 125 122 111 104 100 84 78 58 58 53 29 30 36 37 32 29 42 44 48 58 88 124 109 64 30 39 46 188 216 208 209 209 209 207 205 206 205 206 205 206 205 205 205 
149 123 166 250 254 253 254 252 253 254 253 254 255 255 254 254 254 253 174 95 85 122 100 74 70 61 58 59 50 52 38 39 37 35 31 41 46 56 47 53 66 78 87 100 106 113 124 120 115 109 97 72 53 53 44 39 33 27 27 22 26 24 26 27 31 35 44 42 45 52 59 121 117 29 42 153 210 214 210 212 211 209 207 209 208 206 205 208 207 207 205 205 
163 128 223 252 254 254 252 252 253 253 253 254 255 255 254 254 254 254 238 100 104 132 102 94 70 77 74 85 76 74 61 61 46 54 41 39 52 54 59 58 65 68 86 105 112 117 125 116 113 101 87 63 59 43 40 36 28 28 24 23 24 25 26 25 29 50 47 46 43 43 52 129 132 30 41 199 213 210 211 210 211 210 208 208 207 208 208 207 207 206 207 208 
146 125 251 254 254 255 251 251 253 252 255 253 255 255 253 253 253 254 252 147 128 138 124 110 113 101 107 104 104 96 94 88 84 73 67 59 54 62 66 66 72 80 92 109 122 122 121 112 110 102 82 70 54 46 41 43 39 39 46 55 62 62 75 80 88 77 73 80 68 67 65 105 127 50 44 213 214 214 212 209 213 209 209 210 208 209 208 207 208 208 208 207 
120 130 251 254 255 255 253 255 253 253 253 253 253 255 253 253 254 254 253 190 149 143 141 123 121 125 121 114 107 100 98 92 89 76 71 64 54 54 52 60 80 83 93 117 124 128 121 113 111 103 90 70 60 52 47 48 45 53 58 59 71 76 85 85 90 95 103 93 95 91 95 114 127 74 44 213 213 215 213 209 210 209 210 210 211 209 209 208 207 205 208 205 
122 136 252 255 255 255 253 255 253 253 253 253 253 253 253 253 254 254 253 250 158 147 148 147 128 133 124 106 90 73 55 61 67 55 45 35 36 34 35 36 41 53 90 123 128 137 134 121 118 109 100 83 40 36 39 41 45 48 47 46 52 62 67 73 80 95 106 109 103 98 104 124 134 109 60 212 213 215 213 211 211 211 213 211 210 210 211 208 207 207 207 204 
121 131 252 255 255 253 255 253 252 253 253 253 253 253 253 253 255 254 253 245 165 149 155 146 127 114 89 76 82 84 92 94 87 58 45 40 38 35 23 27 38 45 75 130 133 138 138 130 127 110 96 71 29 29 27 29 28 35 44 52 58 58 48 40 43 74 92 97 107 107 112 125 134 121 70 214 213 215 214 211 211 212 211 209 210 210 211 210 209 207 207 206 
122 149 252 253 253 253 252 255 254 253 255 253 255 253 253 254 255 254 246 138 150 149 147 135 101 96 94 106 101 94 58 53 43 33 36 38 37 34 33 28 37 39 69 131 137 139 139 134 133 113 98 48 25 25 24 28 39 39 43 58 64 64 87 91 100 65 48 69 100 103 111 129 137 125 70 215 215 216 214 213 211 210 211 209 212 210 210 209 208 209 208 205 
129 247 252 253 254 253 253 252 253 253 253 253 253 253 253 254 255 254 164 119 149 136 132 117 102 90 73 38 40 120 73 43 48 24 23 30 73 45 32 31 50 43 94 136 137 135 137 135 136 126 105 39 39 23 22 26 48 14 19 33 9 12 49 33 25 59 70 74 80 97 114 127 134 136 56 181 215 216 215 213 215 211 211 209 210 210 211 209 209 207 207 207 
136 249 253 255 253 253 252 253 253 252 253 253 253 254 253 253 255 254 156 121 146 137 126 121 106 92 59 77 61 70 112 44 27 23 24 59 71 42 36 39 39 52 116 135 135 134 133 133 134 130 121 54 23 29 21 45 72 26 17 14 14 18 111 125 86 21 37 46 101 105 118 134 133 136 51 153 216 215 217 212 214 211 212 211 210 210 211 208 208 208 208 205 
234 251 254 255 254 253 252 253 254 254 255 255 255 255 255 255 254 250 143 137 142 134 128 120 115 106 104 94 96 100 79 80 82 68 73 64 54 58 59 68 77 124 135 134 134 132 132 131 135 131 129 116 47 37 45 49 47 44 40 14 14 37 74 61 59 87 90 89 103 109 117 135 135 134 69 120 217 217 217 215 216 213 213 211 211 212 210 210 209 208 208 208 
250 253 254 253 253 253 253 255 253 253 255 254 255 253 255 255 255 253 132 143 147 126 122 120 113 107 105 96 92 92 85 70 71 62 61 50 56 55 71 68 108 129 132 128 132 132 132 133 132 129 128 123 84 47 49 47 50 47 52 61 57 59 65 73 92 86 82 80 99 104 114 128 134 136 89 113 220 218 216 215 216 215 213 209 211 211 209 209 211 210 209 205 
252 253 254 254 253 253 253 253 251 253 253 254 253 255 255 255 255 253 171 156 146 133 135 131 130 129 120 116 111 106 89 90 90 84 87 89 87 88 93 112 125 122 129 134 137 135 136 133 135 129 127 123 117 116 86 78 67 59 50 55 49 57 64 68 75 78 84 95 111 113 115 128 132 136 121 135 222 216 215 214 214 214 215 214 213 212 211 207 210 208 206 207 
253 253 254 253 253 252 253 251 253 251 255 253 255 253 253 255 254 253 188 155 142 139 140 143 136 133 130 129 124 122 112 111 104 96 104 98 100 98 115 116 125 127 135 135 140 136 139 137 136 129 125 125 123 120 116 93 83 82 78 80 77 77 90 92 93 104 108 114 121 120 120 132 135 137 134 183 220 217 216 214 215 215 214 213 214 213 212 211 212 209 207 208 
253 253 255 253 253 255 253 252 251 252 253 253 253 255 252 253 254 253 205 154 151 149 150 145 144 141 139 131 132 124 119 116 117 116 116 115 125 126 126 127 124 135 138 137 137 142 142 136 134 134 131 127 120 127 132 130 119 109 103 97 101 101 107 110 115 119 121 122 126 130 132 136 135 137 136 216 218 219 216 214 216 216 215 215 211 213 211 213 210 209 207 207 
254 253 254 253 253 254 253 255 253 252 253 252 253 252 253 250 254 253 190 152 155 150 149 147 144 142 143 131 128 124 123 122 124 125 124 129 129 127 129 134 126 137 135 127 139 140 143 136 136 133 132 126 120 128 134 133 128 124 122 111 109 106 113 112 117 120 122 124 132 131 135 137 135 134 138 210 219 216 216 215 217 215 216 213 213 213 213 212 210 208 209 207 
254 253 254 251 253 253 253 253 253 253 253 253 253 253 253 253 254 252 169 159 155 154 149 141 145 139 138 131 131 122 128 132 134 131 137 134 135 132 133 135 119 126 135 124 142 140 142 134 135 136 134 124 114 122 135 133 131 129 130 123 119 114 117 118 118 123 126 125 132 133 136 138 138 135 135 183 219 216 216 216 216 214 216 214 213 212 212 211 211 209 209 207 
255 253 254 252 255 253 253 253 253 253 253 253 253 253 253 254 254 244 169 162 166 156 152 147 140 140 144 139 140 135 138 137 135 133 133 135 136 140 134 125 124 125 133 135 143 136 138 140 140 143 136 130 118 116 124 132 133 132 131 130 130 128 126 125 124 125 124 124 136 139 137 140 138 137 137 131 222 218 217 216 217 216 217 215 212 214 212 210 210 209 206 206 
255 255 254 254 255 253 253 255 253 252 253 252 253 253 253 254 254 249 167 166 167 160 157 152 145 142 146 144 143 140 138 138 137 134 135 136 139 136 129 132 134 132 135 139 145 141 139 137 140 139 137 134 125 126 127 127 132 130 133 130 131 129 130 129 128 126 124 128 136 136 139 142 140 139 134 122 223 218 217 216 215 216 216 214 212 213 214 211 212 209 207 206 
255 255 254 252 255 253 253 253 253 255 253 253 255 253 253 254 254 219 175 175 174 160 158 156 151 149 150 144 145 144 141 141 140 138 140 138 135 138 156 155 148 145 147 141 143 139 127 126 127 137 136 134 136 140 142 142 126 130 131 130 132 130 131 131 131 133 134 133 140 141 142 143 143 141 137 124 221 216 218 217 216 214 215 215 213 213 213 212 210 209 208 207 
255 253 254 252 255 253 253 253 253 253 253 253 253 253 253 254 254 225 181 173 177 165 160 155 150 151 149 144 145 144 141 139 138 141 139 135 131 154 155 148 135 137 139 141 136 130 119 117 117 124 127 127 118 115 119 133 116 126 129 129 130 132 130 133 134 137 137 137 143 141 142 144 140 141 137 101 220 217 217 215 216 215 215 213 215 212 213 212 210 209 209 208 
255 253 255 253 255 253 255 253 253 253 253 253 253 253 253 254 254 208 182 183 176 167 161 160 155 153 152 146 148 144 142 141 140 137 133 131 133 142 107 85 24 21 22 121 119 112 93 93 97 111 71 13 23 53 82 115 112 114 120 127 131 133 134 138 138 137 142 140 143 142 141 143 143 140 134 141 220 219 218 217 216 212 213 213 214 214 212 212 212 208 208 208 
253 255 253 253 253 255 253 253 252 253 252 252 253 253 253 254 254 193 184 181 172 167 164 161 153 152 152 151 148 146 145 142 139 135 132 130 132 128 99 59 33 24 19 53 85 102 84 90 93 67 13 16 43 59 83 111 111 114 115 127 130 134 136 135 138 139 139 145 147 143 145 143 141 141 135 135 219 219 216 215 214 214 214 212 215 213 210 212 211 210 208 207 
254 253 254 253 254 254 252 253 255 253 255 252 255 253 253 254 254 186 178 184 174 169 167 163 159 154 153 149 149 147 139 138 140 131 135 134 130 122 104 93 91 96 106 95 96 97 83 91 84 112 133 130 94 87 95 99 112 114 118 129 131 134 133 133 137 138 142 144 148 147 140 140 140 139 138 189 223 218 218 216 217 215 215 215 218 213 215 214 213 211 210 211 
253 253 254 252 254 254 254 254 253 253 255 252 253 255 253 254 254 208 176 182 175 167 161 164 160 151 151 146 143 142 138 133 137 135 136 134 130 125 109 80 77 76 90 111 100 93 77 80 87 115 113 103 86 75 91 107 114 115 120 122 129 133 133 133 132 136 143 145 145 142 140 141 139 139 135 214 221 219 218 218 217 214 216 214 215 216 214 211 212 211 209 209 
253 253 254 253 254 254 254 254 255 255 253 253 254 254 253 254 254 215 170 184 178 170 164 160 157 151 150 148 145 143 136 138 135 134 137 134 129 128 119 104 82 78 97 107 103 94 81 85 95 120 105 107 93 104 110 112 115 117 119 124 128 132 134 134 133 136 143 144 144 138 141 140 138 137 128 199 224 219 218 219 217 214 216 215 216 213 213 211 213 210 211 208 
253 253 253 254 253 254 254 254 255 255 253 253 255 255 255 255 254 226 169 183 168 172 164 163 156 155 144 149 143 140 139 138 134 132 136 133 126 117 121 110 91 85 56 86 88 81 72 76 71 66 58 59 103 105 108 113 116 118 119 122 127 130 133 132 133 136 138 142 140 137 138 136 135 137 101 216 222 220 219 218 219 218 218 214 215 212 213 211 212 212 211 210 
254 253 252 254 254 254 254 254 255 255 255 255 255 255 255 254 255 248 169 169 170 171 166 164 156 151 150 150 149 148 140 134 133 133 128 119 114 103 105 105 58 43 47 69 83 74 72 70 74 53 43 42 63 75 101 101 110 116 114 120 130 130 134 132 132 134 136 140 142 138 137 137 136 134 85 227 220 224 219 217 217 216 217 216 214 213 212 209 212 209 209 209 
254 254 253 251 254 254 254 254 255 255 255 255 255 255 254 254 255 249 208 169 169 163 155 163 149 150 149 147 146 144 136 128 106 98 64 84 60 66 81 68 50 39 41 91 89 72 65 67 75 67 38 32 29 43 33 42 76 58 90 103 104 128 127 129 129 131 137 137 138 137 135 134 130 128 74 225 222 224 218 217 216 218 219 214 217 215 214 215 213 211 213 212 
254 253 250 253 254 254 255 255 255 255 254 254 255 255 253 255 254 253 220 162 168 158 155 161 151 148 146 150 141 143 134 108 78 56 77 47 52 68 70 57 55 53 54 109 95 72 63 79 86 70 47 37 43 37 43 44 44 56 39 73 96 102 131 127 129 130 132 135 136 135 134 131 126 117 56 223 226 219 222 220 219 218 216 217 217 214 217 215 214 211 212 210 
253 252 253 253 254 254 253 255 255 255 254 254 255 255 255 255 254 254 246 160 170 155 154 154 150 146 144 145 139 142 66 63 57 62 57 57 73 85 79 91 100 91 84 107 114 122 118 112 110 87 97 101 87 61 55 41 44 38 39 37 42 52 125 128 131 129 127 130 131 131 128 121 121 64 93 226 222 223 221 220 221 221 219 216 217 217 214 214 213 212 211 210 
253 250 253 252 254 254 255 255 255 255 255 255 255 255 253 255 254 254 252 154 168 160 145 148 150 147 150 147 143 139 70 67 59 87 67 64 87 99 113 122 74 82 84 87 98 97 96 86 71 77 77 81 106 100 79 76 49 39 38 33 34 46 116 127 131 128 130 129 128 128 126 119 115 60 160 227 223 224 224 221 219 217 217 218 216 216 216 215 214 211 209 209 
253 248 252 252 254 254 253 253 255 253 255 253 255 255 255 255 254 255 253 202 143 152 141 145 147 141 148 143 141 128 79 90 95 89 95 103 107 97 75 71 74 79 83 84 74 86 78 74 62 62 65 66 67 66 89 106 83 63 58 49 53 61 64 102 132 126 128 124 122 116 118 112 83 76 223 226 225 227 223 222 221 217 220 219 219 217 217 216 216 212 208 208 
252 247 253 251 254 254 254 253 255 252 255 253 255 253 253 253 254 255 254 229 138 164 152 142 143 145 147 139 140 126 96 97 98 77 76 94 76 69 63 60 63 58 64 74 55 88 83 89 60 62 55 51 48 63 58 81 89 73 67 69 79 68 72 74 111 128 128 122 120 114 115 107 56 115 230 228 225 227 222 222 221 218 221 218 217 218 215 214 213 211 211 207 
252 247 252 253 253 254 254 254 254 253 255 255 253 255 253 255 254 255 255 249 151 163 157 140 143 149 149 145 147 108 97 102 90 53 53 50 54 59 67 85 72 63 61 50 46 46 45 44 40 52 53 45 37 34 37 51 72 59 53 74 78 75 93 77 118 125 125 121 115 115 115 105 43 174 230 225 225 224 225 220 221 220 221 222 214 218 216 213 213 212 211 207 
250 247 253 254 254 254 254 254 253 253 253 253 253 253 253 253 253 252 255 252 236 147 156 153 135 141 148 147 149 136 103 98 91 67 87 87 112 122 121 117 121 116 118 113 117 100 114 112 98 110 105 105 111 108 101 93 28 27 38 63 77 90 82 108 113 118 112 114 100 99 102 55 133 219 227 223 224 226 225 223 225 220 220 218 217 217 217 215 214 211 211 208 
248 249 254 253 254 254 253 254 253 252 253 253 255 253 253 253 253 253 253 253 251 140 149 153 132 140 137 152 149 141 98 96 94 100 109 110 111 118 120 119 117 118 122 116 116 113 122 113 104 112 120 100 116 118 107 101 67 65 41 60 74 86 96 117 118 118 108 106 93 104 108 58 205 224 227 226 224 225 225 224 224 222 221 218 217 216 217 214 215 214 211 210 
247 249 254 253 254 252 254 253 253 253 253 253 252 253 253 253 253 252 254 253 252 136 127 143 143 128 133 136 135 128 100 101 106 115 116 113 121 121 107 110 111 109 112 97 107 105 101 101 98 94 96 120 88 90 99 100 102 103 93 74 80 89 100 115 118 112 104 101 87 90 79 205 229 230 227 225 226 225 225 223 222 220 218 217 217 216 217 216 216 215 214 213 
244 252 252 252 254 253 253 253 252 253 253 253 253 253 253 253 253 254 252 254 253 138 124 128 136 137 127 130 126 117 100 102 106 104 116 117 108 102 100 109 101 99 98 90 95 94 93 89 90 86 88 83 81 88 92 96 98 99 100 74 75 74 99 106 110 110 103 107 88 92 57 237 229 229 227 228 228 227 223 225 222 221 220 218 216 217 216 215 215 216 214 214 
247 252 253 253 254 254 254 254 253 253 253 253 254 254 253 253 253 252 254 251 254 231 166 119 129 129 126 117 117 110 98 91 97 106 110 106 98 93 80 74 66 59 63 67 62 68 64 61 61 63 68 63 74 79 85 87 100 94 90 70 72 72 79 86 102 102 100 100 89 58 71 232 228 230 228 227 227 228 222 224 223 219 223 221 219 217 217 217 219 213 214 212 
247 252 251 253 254 253 254 254 253 253 253 253 254 254 254 253 253 253 253 253 254 234 192 110 125 121 117 109 113 111 86 86 78 91 98 107 97 93 82 74 52 36 34 22 26 30 33 34 41 41 46 47 64 76 76 83 89 87 66 62 71 68 69 89 98 97 96 94 56 46 147 232 231 230 228 228 229 226 225 225 223 220 221 221 219 218 217 218 214 215 213 212 
248 251 253 251 254 252 254 253 253 254 253 254 253 253 253 255 253 253 255 253 255 253 252 153 102 96 99 100 99 100 68 69 74 67 82 88 86 88 72 75 57 48 58 52 60 45 47 60 54 51 57 48 67 72 73 70 61 53 53 46 47 58 79 85 89 80 83 65 32 139 210 237 232 230 229 229 228 229 227 227 224 221 222 219 219 219 217 216 217 214 213 212 
250 252 252 254 253 253 251 251 252 252 253 252 253 253 253 253 252 253 253 255 254 255 253 184 102 90 86 90 88 90 73 68 68 61 69 74 83 84 84 78 76 65 77 76 74 70 68 72 77 63 65 65 66 71 72 65 45 40 45 35 38 43 57 79 85 76 77 42 49 178 235 238 233 232 231 228 231 229 229 229 223 222 222 217 219 217 218 217 215 214 214 212 
250 252 253 253 255 253 253 252 252 251 253 252 253 253 252 253 252 250 253 252 253 251 253 252 114 87 90 73 69 75 63 58 60 54 63 76 88 90 93 94 99 98 98 79 78 74 74 78 77 80 77 74 74 69 56 46 37 28 34 29 31 33 43 53 37 48 34 39 246 244 238 233 234 230 234 229 231 232 230 229 224 222 223 218 220 218 220 217 215 214 214 212 
250 252 253 253 255 252 253 252 251 250 252 253 253 253 253 253 254 252 253 252 252 252 254 252 122 90 86 67 66 68 55 54 52 56 63 68 86 89 85 100 102 89 94 72 69 57 69 64 78 75 87 85 69 68 42 35 30 27 28 23 31 39 45 41 35 39 30 159 241 244 239 233 234 232 233 231 232 230 230 229 225 222 223 220 219 221 218 216 216 216 213 215 
251 252 252 253 254 255 253 252 252 252 253 252 253 253 255 255 254 254 254 254 253 255 254 252 125 93 86 72 68 60 59 55 48 51 52 73 75 76 101 82 105 98 90 66 61 61 53 61 62 80 86 85 77 59 45 34 27 26 22 26 29 33 38 35 33 32 61 234 245 241 241 235 234 234 234 232 232 232 228 228 223 223 222 220 222 221 219 218 217 215 215 211 
251 250 252 254 254 253 253 253 252 253 255 253 253 253 253 253 255 253 254 253 254 254 252 251 156 105 88 66 62 63 50 51 53 44 56 65 73 64 78 72 68 71 64 52 57 53 47 50 49 69 70 61 54 54 48 30 24 22 18 19 25 24 31 32 39 61 119 242 243 244 241 238 236 235 234 232 233 231 231 229 226 225 225 220 221 220 220 220 219 215 215 210 
251 249 253 253 254 253 253 252 253 252 255 252 254 253 255 254 254 253 253 252 252 252 251 166 154 129 84 64 67 65 53 48 51 42 54 64 75 66 57 56 69 53 50 48 56 41 46 43 61 49 57 58 44 41 49 39 27 26 23 19 21 25 30 30 38 100 129 247 248 240 243 239 237 235 237 230 234 231 230 229 228 225 225 224 222 221 220 220 218 214 215 211 
250 250 253 254 255 253 254 254 253 253 253 253 255 252 254 252 252 170 157 184 185 175 122 96 151 131 125 72 53 63 54 49 49 50 56 56 54 56 48 49 52 39 40 43 40 36 49 49 51 41 44 48 34 30 31 31 32 30 24 19 19 21 25 62 84 111 154 249 246 244 241 238 237 237 237 233 234 234 233 230 228 226 224 224 223 223 221 220 220 216 217 216 
248 251 253 253 255 253 254 253 255 253 255 253 253 252 251 245 202 134 175 163 162 127 86 120 148 135 128 97 75 56 46 52 50 50 56 60 49 47 43 46 47 35 44 42 32 33 38 41 46 42 37 45 32 29 28 28 28 30 25 19 21 27 47 97 100 113 173 252 247 246 242 239 240 238 237 234 235 233 233 231 230 228 228 223 224 222 221 221 219 217 217 214 
247 247 252 253 253 253 253 253 252 252 253 252 252 182 184 179 133 151 154 138 150 75 86 150 147 138 127 107 104 76 51 42 40 41 44 47 41 35 34 37 30 32 39 31 33 29 33 34 32 30 26 29 28 25 31 30 26 25 21 21 22 32 94 101 100 116 93 26 196 246 246 237 240 238 238 235 235 235 235 231 231 229 229 226 221 221 222 219 221 217 217 216 
245 245 251 250 252 249 251 248 244 236 236 216 208 181 162 179 124 153 152 127 157 72 86 147 141 135 127 111 102 86 69 51 45 39 39 43 42 36 30 29 26 32 32 23 26 27 30 26 31 29 26 28 31 24 26 23 26 21 19 20 30 56 103 97 106 118 106 18 111 126 115 225 233 238 240 233 239 233 238 233 230 229 226 227 224 221 222 220 220 220 215 214 
177 174 176 174 178 175 174 172 175 175 179 176 164 167 169 97 159 140 129 145 123 84 90 137 134 134 132 114 107 106 97 91 84 40 37 34 31 28 29 30 25 24 23 22 18 20 25 28 29 27 27 22 22 20 19 22 18 25 28 76 78 93 102 105 109 112 116 61 16 76 139 116 128 113 154 247 230 239 228 233 231 231 230 228 223 226 223 223 219 221 218 214 
172 166 171 167 171 173 171 167 167 172 169 150 144 159 133 98 150 129 125 148 107 85 86 119 128 126 123 116 113 106 98 89 86 39 53 33 29 24 33 24 22 24 21 22 20 16 24 22 27 19 21 20 28 18 17 18 20 32 43 80 92 96 103 107 111 108 113 58 18 39 106 100 124 125 62 133 173 224 236 232 233 229 225 223 228 223 225 224 222 219 220 215 
160 161 163 163 165 166 168 164 166 167 167 132 158 151 94 130 141 124 126 143 94 80 90 121 123 127 123 117 114 108 104 97 91 60 57 45 29 27 34 24 24 22 22 23 19 20 19 20 21 13 19 17 23 20 21 17 37 67 72 86 93 97 105 108 109 107 106 44 30 15 67 120 100 140 86 133 138 134 240 232 230 230 229 227 225 224 224 221 221 218 219 213 
153 149 156 158 161 154 164 162 163 158 145 139 155 152 90 149 145 114 139 120 76 82 72 98 120 120 120 115 118 112 107 101 96 89 80 68 62 43 34 33 26 23 28 19 22 20 17 16 23 17 21 18 38 44 53 63 78 76 82 92 92 100 107 108 106 103 106 41 64 35 15 110 131 85 132 80 126 143 123 167 192 225 230 229 227 229 223 222 220 219 219 216 
148 151 156 152 157 162 163 161 163 150 128 148 145 164 114 150 132 128 126 108 72 90 70 101 118 118 115 112 110 114 106 106 100 91 87 71 69 63 68 52 37 33 32 30 27 26 23 29 30 34 46 49 56 54 65 73 74 82 87 92 100 103 106 104 106 105 100 39 76 41 23 96 118 109 95 40 140 126 127 129 138 134 135 139 154 162 166 184 192 194 194 188 
150 154 152 153 155 156 158 159 153 121 120 140 158 111 162 138 123 130 136 111 70 98 81 87 109 107 114 113 111 110 110 107 105 94 88 82 78 76 72 77 74 70 69 54 52 62 61 61 58 65 61 69 73 66 71 75 81 89 92 98 102 102 102 101 103 95 99 41 75 57 41 40 101 115 102 134 26 127 142 112 115 128 125 129 131 131 133 133 134 132 134 131 
147 148 149 150 157 157 157 153 137 119 128 129 156 86 147 138 127 125 143 98 70 96 86 83 103 110 106 118 114 113 106 99 97 94 92 86 79 75 74 79 79 72 68 64 69 65 61 67 64 62 68 65 69 74 74 76 87 86 93 99 102 100 99 100 104 97 92 51 91 58 53 31 75 112 128 122 116 41 131 122 113 130 125 124 126 124 125 128 128 128 131 128 
142 148 146 155 156 153 154 148 119 112 132 142 131 76 142 133 122 117 145 100 74 103 94 73 100 104 107 111 115 111 105 106 105 94 95 88 89 86 82 79 71 76 70 65 66 68 74 70 64 68 70 72 72 80 76 81 87 87 95 102 100 102 100 102 104 88 45 77 93 79 65 29 60 92 112 97 123 120 135 128 107 114 135 122 122 124 126 124 126 123 123 125 
147 146 147 145 149 157 149 144 118 128 136 146 97 86 139 141 119 119 136 89 73 102 103 62 105 103 103 108 113 115 104 103 105 95 87 90 87 86 80 81 72 70 72 71 67 68 73 70 72 74 70 70 77 78 75 80 86 91 90 98 98 99 101 101 102 72 36 77 92 86 71 44 45 97 112 94 116 139 122 120 130 109 122 124 125 121 123 123 126 125 125 124 
145 149 147 145 150 150 149 131 124 132 137 155 75 84 140 129 130 118 142 106 85 106 103 86 109 108 106 107 105 106 112 103 106 111 105 104 100 92 90 88 81 74 82 70 76 80 73 73 69 79 77 74 78 83 82 85 94 93 95 92 96 102 102 98 81 66 47 87 95 93 85 68 40 70 104 107 96 123 35 141 101 108 118 120 122 123 121 123 122 123 123 127 
145 146 143 145 148 151 143 132 121 131 127 140 75 105 134 121 132 123 129 116 89 102 108 100 99 111 109 103 107 107 109 110 106 103 102 110 103 97 93 94 85 83 83 83 79 80 80 72 69 79 77 78 82 87 87 91 99 92 87 94 96 99 95 89 84 52 63 82 91 95 97 79 54 77 99 122 100 115 55 70 129 110 115 120 126 119 125 123 125 124 124 124 
144 143 152 146 148 146 136 123 130 137 127 116 80 135 133 128 136 119 135 105 89 110 110 105 104 107 110 108 111 108 107 109 108 103 103 99 98 100 95 94 89 87 82 78 83 87 82 82 72 74 77 77 85 88 86 84 94 90 95 92 98 97 96 89 85 44 75 85 97 98 101 80 61 62 103 131 99 106 90 30 148 137 112 123 137 122 124 124 124 120 122 122 
139 141 147 142 146 141 137 119 133 125 117 83 73 151 128 130 126 113 131 110 99 106 112 113 103 115 115 104 109 109 110 105 112 107 105 101 109 105 111 101 97 85 87 90 88 87 85 84 85 82 79 83 88 96 91 93 95 96 94 96 104 86 85 78 75 42 89 92 101 107 109 99 68 58 93 132 94 96 140 49 37 116 123 108 121 134 125 120 122 122 124 120 
144 139 143 140 146 128 124 121 133 119 108 74 73 146 124 131 123 110 131 103 94 113 112 114 100 109 112 110 112 111 108 107 114 112 112 106 114 112 110 109 99 95 94 93 85 84 84 88 93 90 83 83 93 93 96 102 97 94 96 94 99 95 82 88 83 54 89 102 106 111 110 90 78 53 92 144 109 101 134 52 32 98 116 111 113 118 129 125 124 119 123 121 
141 137 139 144 143 123 123 121 132 125 121 69 87 139 119 124 118 129 123 87 96 121 120 121 77 107 118 115 112 110 111 113 113 110 112 103 112 110 110 104 107 108 99 101 87 106 99 90 98 87 98 90 97 103 96 95 98 93 93 92 87 94 87 91 75 87 96 105 113 122 119 91 80 46 68 120 116 83 120 138 44 144 109 122 107 106 116 129 129 127 120 120 