
191 185 200 157 168 164 186 141 208 213 92 180 253 250 254 254 254 254 253 253 254 254 254 254 254 254 254 254 254 254 254 254 252 252 253 253 252 253 253 253 252 251 250 252 251 252 252 253 253 253 251 252 254 253 252 253 255 253 255 255 253 255 254 253 255 255 253 255 255 255 255 255 255 255 255 255 254 254 255 255 255 255 255 255 255 255 255 255 255 255 255 255 
189 186 159 161 164 154 173 142 249 252 176 100 195 253 254 254 254 254 252 253 254 254 253 254 253 254 254 253 254 254 254 254 253 253 253 253 252 253 253 253 253 251 254 250 254 250 253 250 253 252 254 252 254 253 253 253 252 252 253 253 255 253 254 254 255 255 253 255 255 255 255 255 255 255 255 255 254 254 255 255 255 255 255 255 255 255 255 255 253 255 253 255 
201 181 164 166 166 170 163 194 248 253 249 100 109 254 254 254 253 253 253 254 254 253 253 253 254 254 254 254 253 253 254 254 253 253 254 254 254 253 253 253 253 253 249 254 251 254 251 253 253 252 253 253 253 253 253 253 254 253 253 254 255 255 254 254 255 255 255 255 254 254 255 255 255 255 255 255 253 255 255 255 255 255 255 255 255 255 255 255 255 255 255 255 
170 187 165 157 166 168 164 129 91 206 250 94 92 109 254 254 253 252 254 252 254 253 253 253 253 254 254 254 254 252 254 253 253 253 254 253 253 248 250 251 249 247 253 250 253 249 253 252 231 235 229 235 251 251 252 253 253 254 254 254 255 253 253 253 253 253 253 255 253 255 255 255 255 255 253 255 255 255 255 255 255 255 255 255 255 255 255 255 255 253 255 255 
178 192 162 156 170 157 170 93 66 75 77 86 78 90 254 254 252 250 253 251 252 253 252 253 254 252 253 254 254 254 254 254 253 252 253 252 224 228 223 239 242 242 243 252 252 252 252 181 97 76 127 169 202 229 232 252 249 250 253 253 254 254 254 254 254 254 253 253 255 255 255 253 255 253 254 254 255 255 255 255 255 255 255 255 255 255 255 255 255 253 253 253 
179 178 156 159 171 163 132 92 79 68 144 187 79 80 130 219 254 252 253 252 252 254 253 254 253 252 253 251 253 252 251 252 253 252 204 166 108 102 114 109 174 197 137 219 235 225 130 71 73 62 66 81 101 96 95 124 231 215 247 253 253 253 254 254 253 253 253 254 253 253 254 253 253 253 253 254 253 254 253 253 253 253 253 253 253 253 253 253 253 253 253 253 
176 146 153 162 169 231 166 89 89 208 255 145 66 55 126 120 242 250 250 249 250 250 251 251 251 252 250 252 251 249 246 222 74 46 92 75 58 72 81 96 93 103 116 92 106 92 89 84 91 73 97 86 100 94 80 95 72 99 118 116 138 157 222 240 237 252 251 252 253 253 254 254 253 253 255 253 255 255 255 255 255 255 255 255 255 255 255 255 255 253 255 253 
150 145 187 163 162 246 241 99 128 253 254 190 83 76 90 114 253 249 251 249 250 251 250 250 251 250 251 247 246 247 183 91 62 85 74 75 81 62 94 92 90 91 93 86 71 92 86 82 79 83 79 74 86 92 89 83 85 77 110 113 126 141 150 150 236 246 242 249 252 253 253 254 255 254 253 253 255 255 255 253 253 253 253 253 253 253 253 253 255 253 255 253 
148 132 147 183 177 248 251 247 217 245 252 249 251 245 64 161 248 245 247 248 251 250 251 250 249 242 245 149 146 137 86 77 69 92 75 60 69 81 74 74 61 53 60 57 58 54 47 54 49 51 55 68 59 66 84 94 91 71 54 73 85 119 154 84 104 109 123 181 145 224 253 253 255 254 253 251 255 253 253 253 253 255 253 253 253 253 253 253 253 253 253 255 
141 124 149 172 239 252 250 249 216 229 244 237 244 245 243 248 244 248 248 250 249 251 251 250 202 130 84 89 102 88 94 85 78 87 78 59 64 85 68 63 40 71 70 49 37 55 42 47 38 44 38 43 48 66 86 69 71 91 103 75 93 107 115 106 106 85 87 75 161 122 241 253 253 255 253 254 253 254 253 253 253 252 253 252 253 253 253 253 253 255 253 253 
119 138 129 221 251 253 252 251 242 205 199 202 203 207 240 241 245 243 245 248 250 249 241 231 64 71 62 71 90 63 67 73 69 51 45 64 54 45 51 57 63 50 40 41 36 44 32 31 32 34 36 32 54 51 64 74 79 58 80 69 87 89 81 84 85 107 140 86 68 88 121 252 254 254 253 253 255 255 253 253 253 253 253 253 255 255 255 255 255 253 255 253 
129 142 156 247 252 254 251 253 249 207 202 210 221 243 242 243 242 245 247 244 248 242 229 130 70 67 73 74 80 64 47 67 38 50 60 51 43 48 36 67 56 57 43 45 35 49 34 32 35 36 46 43 39 41 58 77 58 66 69 62 72 102 98 78 104 118 98 83 60 88 93 229 252 252 254 255 255 253 255 255 253 253 253 253 255 255 255 255 255 253 253 255 
141 145 175 249 253 254 253 253 252 248 248 244 245 245 242 242 243 240 246 245 207 75 59 55 76 61 51 57 62 68 48 42 38 55 39 64 35 48 42 42 42 39 39 38 49 34 30 30 30 31 34 40 44 31 49 57 55 137 63 57 72 60 86 94 60 122 99 99 57 103 102 79 146 206 246 253 255 255 255 253 255 253 255 253 255 253 255 255 255 253 255 255 
142 140 211 251 253 254 253 253 252 249 248 243 248 247 245 242 240 243 248 238 164 67 49 59 67 54 52 54 48 53 42 33 44 91 39 48 29 40 43 35 32 28 30 38 38 32 30 27 28 31 30 25 53 35 30 38 43 45 34 42 52 50 61 45 58 113 84 95 69 116 79 89 115 118 154 253 254 253 253 253 253 253 255 253 255 255 255 255 255 253 255 253 
136 144 245 252 254 255 254 253 254 248 247 245 248 247 246 242 241 244 225 163 92 60 54 56 67 56 51 44 45 56 47 33 34 51 43 41 30 34 38 43 32 32 28 30 28 26 31 30 26 24 30 31 37 32 33 35 48 38 34 44 50 48 32 35 68 99 86 117 70 60 83 59 89 91 136 253 254 254 255 253 253 253 255 253 255 255 255 255 255 253 253 255 
142 154 250 254 255 254 253 253 253 250 247 248 246 249 244 244 241 211 187 101 77 77 59 40 67 55 40 29 41 46 26 26 46 34 32 38 22 26 30 27 38 27 28 25 27 23 26 25 24 23 29 30 39 33 31 29 35 35 35 46 33 42 50 41 58 58 48 63 104 105 92 69 67 91 98 129 253 253 253 254 253 255 255 255 255 253 253 253 253 253 253 253 
150 152 250 254 255 254 254 254 252 248 246 248 248 249 242 242 245 153 135 74 71 73 59 41 68 50 36 29 57 33 24 45 34 31 29 31 29 31 27 33 20 26 31 26 29 19 25 26 22 25 28 26 36 28 26 28 28 34 35 64 48 30 80 57 77 67 56 61 85 106 105 73 86 100 97 90 171 226 253 253 254 252 254 254 255 253 253 251 253 252 253 253 
143 175 251 254 255 255 253 252 252 248 248 248 250 247 246 241 209 106 63 48 47 46 65 36 39 39 32 34 33 27 32 31 28 24 32 21 24 30 29 27 21 22 19 21 21 21 19 18 23 27 25 25 31 27 27 36 36 42 38 40 56 50 63 41 47 42 50 57 53 54 136 85 80 82 59 67 112 113 206 219 253 253 254 254 255 255 253 251 252 252 252 253 
147 200 252 253 255 255 253 254 252 247 250 246 252 249 249 245 228 136 63 46 54 47 55 49 35 42 27 30 41 31 31 27 23 23 21 23 30 24 27 29 22 23 22 23 25 21 21 21 25 21 27 22 30 26 29 28 31 29 44 39 40 50 41 30 37 41 60 38 84 58 64 72 77 70 68 71 126 147 170 192 220 250 253 254 253 255 254 252 252 253 253 252 
183 246 252 253 255 253 254 254 249 251 247 249 246 247 209 161 123 56 52 45 51 49 47 44 29 29 32 24 28 24 21 22 30 22 20 23 27 24 29 22 22 22 20 18 20 18 22 24 21 26 26 24 33 29 29 26 29 31 52 45 29 35 32 36 40 57 26 22 45 81 89 99 50 60 45 65 118 120 117 142 163 197 239 254 255 255 253 253 253 254 253 250 
151 249 253 254 255 253 253 253 253 246 250 248 244 223 182 159 102 51 48 42 46 38 49 35 28 24 31 27 35 24 23 20 23 17 23 22 25 24 21 20 21 23 21 17 25 22 24 20 21 25 28 31 27 26 29 33 37 46 39 41 44 44 40 38 48 47 51 62 87 93 73 75 89 47 49 71 81 90 121 132 132 164 222 253 255 255 253 253 255 254 253 253 
187 251 253 254 255 252 253 253 249 249 249 242 234 103 116 85 75 47 40 31 30 31 29 26 26 19 23 23 24 22 18 22 20 22 24 23 23 21 23 23 23 23 20 23 23 25 22 27 30 28 26 26 35 35 47 34 26 21 25 28 34 33 42 42 64 55 55 57 77 92 101 49 85 85 71 62 55 67 177 153 174 126 182 253 254 255 252 253 253 254 253 252 
234 252 254 255 254 254 252 253 249 249 249 241 224 100 101 64 59 33 41 32 30 29 29 24 26 25 26 25 22 21 20 21 19 21 24 23 24 21 21 21 23 26 25 22 22 22 26 29 30 32 28 33 39 39 33 30 27 36 38 48 37 28 34 40 35 75 56 55 73 85 85 81 68 96 103 44 43 85 111 182 167 86 128 253 254 254 253 253 253 253 253 253 
249 252 254 255 254 253 252 251 250 249 251 238 205 152 56 57 37 34 38 33 34 31 22 22 28 24 23 26 26 23 21 22 23 25 26 26 23 23 24 28 27 25 26 23 29 24 33 31 40 44 43 40 41 40 36 29 43 25 29 54 39 35 36 39 43 50 57 52 79 85 101 75 79 87 104 62 46 91 119 200 125 68 143 252 254 254 252 253 253 253 252 253 
252 252 254 254 253 253 252 251 248 248 249 224 222 209 46 32 31 31 27 28 30 31 26 23 22 19 21 21 25 27 27 27 26 28 34 32 33 31 40 30 37 40 39 34 38 35 44 45 50 64 65 61 54 43 44 38 47 50 47 57 48 43 72 64 63 47 46 52 64 75 69 71 71 90 83 42 77 103 112 92 101 73 116 239 254 255 250 253 253 254 255 253 
251 254 254 254 253 253 252 251 249 249 248 217 213 229 50 32 31 26 26 27 27 29 29 21 22 21 21 25 25 27 26 30 32 40 41 43 47 52 50 49 51 51 50 47 47 52 55 53 57 75 80 64 64 67 54 58 69 71 80 80 59 59 63 65 54 60 56 70 51 60 84 52 49 97 35 84 79 48 81 83 74 79 119 253 254 253 252 253 252 252 255 253 
253 253 254 253 255 252 252 249 249 249 248 191 215 136 38 31 27 26 26 25 24 26 22 20 19 23 24 34 38 45 52 54 62 74 80 76 90 84 84 82 79 80 81 77 83 72 74 72 86 93 101 92 80 76 79 78 110 115 134 113 115 103 91 84 87 62 56 53 62 75 55 64 85 65 70 70 50 51 75 75 91 104 218 253 253 254 252 253 254 254 254 253 
253 253 254 252 255 253 252 250 247 249 251 208 164 85 37 37 29 25 23 24 23 21 20 21 22 25 26 34 43 50 62 70 76 85 87 87 97 93 91 91 89 80 87 87 94 92 88 83 95 105 108 104 80 68 82 94 96 120 134 136 95 119 98 86 82 81 54 55 47 73 70 76 112 115 96 49 71 69 78 71 84 137 252 253 255 254 252 254 254 252 252 252 
254 253 254 252 254 252 250 249 248 246 249 213 129 81 31 31 28 24 24 24 23 19 22 23 31 32 40 48 58 70 90 93 106 107 112 110 113 111 115 109 109 113 111 111 119 122 121 118 117 115 112 111 106 108 100 99 106 111 115 119 115 117 119 120 115 87 87 83 63 57 61 98 74 56 66 54 65 87 97 82 77 196 252 253 255 255 253 251 254 252 252 252 
255 253 253 253 254 253 250 250 249 246 250 229 142 48 29 27 27 23 26 23 22 20 20 26 39 42 44 63 62 76 97 104 109 109 114 112 119 116 117 116 117 118 122 123 131 130 130 129 130 125 122 118 115 117 115 110 113 108 111 112 115 118 139 148 142 112 100 91 85 69 70 76 62 49 68 73 65 87 90 109 93 216 253 254 253 253 253 252 253 254 255 253 
254 254 252 253 254 249 250 249 248 250 249 246 141 54 30 31 24 28 25 24 22 23 30 39 51 58 59 76 83 86 97 109 113 117 119 127 135 131 131 129 129 130 135 139 140 139 142 141 141 142 143 143 149 147 147 145 148 147 149 162 158 184 188 182 177 157 136 118 119 106 84 86 82 113 45 44 35 50 72 79 103 250 253 254 255 255 252 251 252 253 253 251 
254 253 253 253 253 249 248 249 247 249 249 242 127 48 33 27 26 22 24 21 22 27 31 47 57 62 69 78 81 92 100 105 114 118 121 125 136 131 132 132 132 134 137 142 143 145 145 146 145 148 151 149 155 154 153 152 150 157 160 182 193 197 202 197 179 160 151 130 115 119 92 72 51 94 39 41 53 55 81 86 89 249 253 254 255 253 253 250 253 252 255 251 
253 253 254 252 253 249 249 249 247 245 249 237 213 53 28 28 29 18 23 23 21 32 43 56 68 70 75 79 81 88 105 103 113 121 123 126 133 132 133 132 136 138 143 148 151 150 153 153 153 155 152 152 155 153 158 157 160 170 179 187 196 209 206 197 194 179 173 171 144 124 118 82 80 87 58 67 77 89 85 107 104 247 252 254 255 253 253 253 253 253 253 252 
253 253 254 251 252 248 249 249 246 246 251 247 235 56 28 32 30 22 20 23 22 45 56 58 72 74 74 77 85 90 103 105 109 123 123 125 128 132 133 133 138 141 144 154 154 154 157 159 161 160 159 160 156 160 161 160 162 170 179 190 195 206 201 198 196 185 185 174 168 159 136 88 77 61 49 47 67 78 85 119 102 250 249 254 255 255 253 255 253 255 251 254 
253 253 254 251 248 248 249 250 246 247 247 247 250 107 32 32 43 23 24 24 23 44 58 67 74 74 77 79 87 90 103 106 108 121 124 126 131 133 132 134 139 140 144 152 156 156 157 162 159 162 164 165 165 164 162 167 164 174 177 187 189 203 200 198 197 189 189 182 178 176 163 119 88 69 55 41 42 85 81 98 104 252 252 254 255 253 253 254 255 253 255 253 
252 254 253 249 250 249 249 249 247 246 250 246 250 235 44 37 30 28 25 25 27 45 59 65 76 75 72 85 83 89 102 111 111 122 126 133 135 136 141 139 145 148 150 153 153 160 160 162 159 164 167 170 173 175 177 176 177 178 185 196 200 198 196 195 194 196 195 192 183 180 180 139 114 97 68 65 58 62 107 97 117 253 253 254 253 253 254 254 252 253 253 253 
254 253 253 250 250 249 251 248 246 246 247 246 248 248 48 37 35 25 24 26 27 48 65 75 75 77 75 81 88 91 105 109 111 125 130 133 138 138 140 143 148 148 150 157 160 160 158 159 158 165 168 170 173 177 178 178 183 184 196 198 203 207 197 194 195 193 194 191 190 185 185 149 124 106 75 64 50 63 112 99 105 254 254 254 255 253 253 254 255 252 253 253 
253 253 251 249 250 249 249 245 245 246 249 244 251 248 43 38 34 29 29 26 35 65 68 72 72 75 79 74 87 93 105 121 119 135 138 142 146 149 153 154 159 159 160 163 167 161 162 163 161 166 166 170 176 179 183 183 188 201 203 208 213 212 208 205 198 194 195 190 193 189 191 159 140 114 94 87 77 90 89 115 155 254 254 254 253 253 252 254 253 254 253 253 
253 253 252 247 249 247 246 245 243 243 247 247 250 251 46 40 28 29 28 30 35 70 69 74 78 78 78 83 91 95 113 120 123 136 141 142 150 151 152 155 162 163 166 167 167 163 159 165 166 163 166 167 181 183 184 188 193 203 207 210 212 212 208 204 199 194 195 192 191 191 191 168 151 124 104 93 92 81 88 111 220 254 254 254 253 253 253 254 253 253 253 253 
253 253 250 248 248 247 246 246 245 243 246 250 249 250 46 42 38 29 33 50 60 77 74 73 75 79 79 89 100 104 116 124 124 134 140 144 152 152 154 156 164 167 170 168 165 162 162 163 165 164 169 167 180 182 186 191 196 202 208 221 221 218 211 204 201 195 194 193 194 191 190 181 168 142 114 82 88 85 116 127 246 254 254 254 254 253 252 253 253 253 253 253 
253 253 250 248 249 247 246 245 247 245 245 246 250 246 51 37 33 30 41 56 70 74 73 69 76 80 78 96 104 108 115 125 126 133 136 142 150 150 154 158 165 165 169 167 168 163 163 165 167 167 169 168 180 179 188 189 195 202 206 213 223 222 213 207 204 198 193 191 192 191 189 186 178 158 122 77 80 71 115 140 252 253 254 253 254 253 252 253 252 252 253 253 
252 252 248 247 248 246 245 245 244 244 246 247 248 246 82 42 37 45 64 68 78 72 77 74 87 99 102 102 102 113 126 122 121 120 132 133 137 141 145 151 156 159 159 165 164 167 164 163 164 169 171 172 175 180 181 185 185 183 193 204 215 220 214 213 209 207 202 198 197 194 186 188 187 179 168 87 69 78 93 227 251 254 254 253 251 255 253 253 253 253 255 253 
253 250 249 247 249 245 244 246 244 243 245 250 249 249 175 42 36 52 72 74 74 74 71 79 88 100 98 96 97 102 123 109 110 120 121 129 135 134 139 143 151 156 157 161 162 166 160 160 161 169 170 170 175 173 175 179 187 184 186 198 203 199 208 207 210 199 198 194 199 197 194 190 189 185 178 99 71 80 113 253 253 254 254 253 252 253 253 253 252 252 255 253 
252 249 248 248 250 245 244 246 243 243 243 249 246 250 233 51 48 75 80 74 76 75 82 78 86 82 79 89 101 101 102 103 102 107 115 119 126 128 132 134 141 149 154 156 159 162 154 151 156 162 167 168 173 175 172 171 176 171 175 173 184 181 195 198 203 198 185 187 189 194 200 193 191 192 190 128 75 74 170 253 254 254 254 252 253 250 253 253 253 255 253 254 
250 248 249 249 247 246 245 247 249 241 246 247 250 250 247 208 52 94 84 76 74 43 48 42 46 52 48 43 50 48 59 53 51 71 69 82 100 100 117 99 123 132 146 153 155 155 141 140 144 152 158 158 165 155 155 151 158 158 156 143 135 151 145 147 134 128 131 142 141 160 153 198 199 195 198 167 64 84 232 253 254 253 253 253 253 253 253 253 253 252 255 255 
250 249 249 247 246 244 244 246 245 243 245 244 249 248 245 249 80 98 87 78 71 35 34 39 37 34 34 25 29 29 38 38 38 58 60 65 81 87 95 89 118 131 140 143 146 149 138 141 141 150 154 149 144 145 145 136 140 148 132 94 103 107 111 115 99 81 99 97 106 118 126 159 198 200 203 180 70 90 253 253 254 253 255 253 253 253 253 253 253 253 255 255 
248 248 249 246 246 243 246 246 243 243 243 244 249 249 246 246 223 88 80 49 43 32 30 28 26 24 22 22 25 22 24 26 27 28 29 36 47 46 45 67 102 105 120 124 126 134 133 135 139 139 133 125 114 101 90 86 81 65 57 29 34 33 33 32 36 45 56 72 99 94 95 104 120 143 203 213 97 112 254 254 253 253 253 253 255 253 255 255 253 253 253 253 
249 248 249 245 244 244 245 245 245 243 243 247 247 247 248 242 225 101 64 54 44 36 37 31 27 26 24 23 25 22 24 21 18 24 28 26 41 45 43 56 87 101 115 114 121 125 129 129 133 136 124 101 100 61 56 59 61 51 52 31 35 28 28 30 44 46 51 62 90 92 95 100 109 122 176 210 97 166 254 254 253 253 253 253 255 255 255 253 255 253 255 253 
249 248 248 244 245 247 245 245 244 244 245 246 247 246 240 238 221 96 80 64 53 48 46 46 42 37 36 37 33 31 23 27 26 21 25 25 30 31 38 46 64 84 86 103 112 121 133 133 137 113 98 82 71 60 55 53 42 33 34 37 36 38 49 60 59 77 95 111 122 111 100 103 121 126 156 210 148 145 254 254 253 253 255 255 255 255 255 255 255 253 255 253 
248 247 247 245 246 244 245 244 243 245 247 245 247 246 244 234 221 95 85 67 57 51 53 49 47 48 49 50 48 44 42 41 37 25 26 28 34 35 35 44 60 61 80 93 107 123 133 134 134 112 91 84 66 52 58 51 46 38 44 47 53 60 70 84 92 121 116 124 118 131 119 114 136 159 184 210 162 178 254 254 255 253 255 253 255 255 255 255 253 253 253 253 
247 247 248 244 245 246 244 244 247 245 246 244 245 245 245 246 209 95 80 76 69 63 63 61 56 53 54 50 56 53 55 52 47 41 34 30 32 30 33 38 52 62 64 80 94 101 143 136 130 115 94 83 73 68 69 59 57 55 65 66 72 88 103 105 108 120 120 138 151 156 156 153 153 175 176 214 190 146 243 254 254 253 255 253 253 253 253 253 253 253 253 252 
245 245 246 246 244 246 244 244 244 246 245 246 245 245 245 242 168 89 83 74 73 63 66 60 52 53 49 48 47 50 41 40 44 32 32 31 28 25 25 26 50 50 57 78 88 111 144 153 144 125 107 93 61 57 53 54 57 59 56 67 70 73 82 83 86 98 111 119 152 160 164 160 160 170 191 210 197 118 215 253 254 255 255 255 255 255 255 255 255 253 255 255 
246 243 247 244 246 245 244 244 246 244 245 244 246 246 243 235 171 88 85 74 70 65 64 60 47 36 31 33 34 35 31 38 34 25 22 21 21 23 20 21 37 47 57 79 100 125 161 167 160 125 106 85 47 46 44 47 38 31 28 35 34 42 69 69 46 53 75 94 138 149 161 163 173 187 195 208 205 99 194 253 254 255 255 255 255 255 255 255 255 255 253 252 
247 244 246 244 247 244 244 243 245 245 245 245 245 244 244 247 146 89 79 69 60 49 42 41 59 45 37 24 19 16 16 15 17 19 26 20 27 26 19 19 23 43 58 105 135 149 199 198 183 154 105 50 37 30 28 31 40 42 35 22 20 21 32 44 58 92 127 155 97 99 111 150 166 179 193 207 212 104 158 252 254 253 255 255 255 255 255 255 255 253 254 253 
245 243 246 243 245 245 243 243 245 246 245 244 245 245 245 246 117 89 76 69 60 45 44 35 26 24 19 28 20 16 23 32 15 21 38 31 21 22 24 20 19 46 67 121 142 160 192 205 199 160 111 45 39 36 34 36 39 46 23 19 29 34 27 32 47 59 53 85 97 129 128 147 165 183 191 205 213 114 150 252 254 255 255 255 255 255 255 255 255 253 253 253 
244 245 245 245 244 245 244 244 246 246 243 244 244 246 244 207 135 84 78 74 63 55 45 34 43 31 31 78 48 29 14 14 16 45 63 51 37 22 27 21 25 61 87 127 151 169 193 205 202 175 159 92 40 34 36 33 61 76 34 28 20 14 29 80 146 148 93 136 131 158 160 174 185 192 201 209 214 138 195 253 253 253 255 255 255 255 255 255 255 253 253 253 
246 246 245 246 244 246 244 244 245 243 244 243 246 244 236 183 111 90 77 71 66 60 59 54 49 47 36 49 69 39 18 17 16 56 44 31 25 26 27 25 40 69 91 136 154 168 190 201 196 184 170 135 49 35 27 27 35 58 68 22 25 20 39 119 151 130 172 117 161 183 190 186 190 195 200 209 213 154 238 254 253 253 255 253 255 255 255 255 255 255 255 255 
244 245 245 244 245 244 244 245 246 243 246 245 244 244 231 216 134 85 81 73 71 64 58 53 47 47 48 41 38 37 43 38 43 41 32 35 31 34 35 35 63 79 94 134 152 165 189 198 199 193 186 176 122 106 73 52 60 69 60 70 86 93 103 114 102 120 132 135 162 167 173 187 191 199 202 209 212 186 254 254 253 255 255 255 255 255 255 255 253 255 253 255 
245 244 246 243 245 245 244 245 245 243 246 245 246 246 230 233 126 86 79 72 70 68 67 56 48 47 46 45 43 38 35 37 33 30 35 34 37 36 36 46 65 84 89 134 153 166 190 197 199 193 187 183 159 114 100 82 60 57 58 57 64 69 82 88 104 127 144 147 161 171 173 191 193 200 202 209 215 195 254 254 255 255 255 255 255 255 255 255 255 253 253 253 
244 244 241 244 245 244 244 245 244 243 242 243 245 243 239 187 117 86 85 80 83 76 76 74 61 64 67 57 56 56 55 52 51 53 50 44 46 46 57 64 70 77 87 135 155 162 187 195 199 198 195 192 178 174 167 133 111 111 99 88 82 84 114 131 150 165 170 171 184 188 192 197 196 205 208 209 214 211 253 254 253 253 253 253 253 253 253 253 253 255 253 253 
244 243 244 242 244 243 245 244 245 244 244 243 246 243 237 175 117 87 83 82 84 79 81 80 70 70 74 68 69 66 56 60 58 52 50 50 53 57 59 61 69 76 102 136 155 165 189 193 200 195 196 192 185 185 178 167 129 124 122 122 123 125 154 157 166 175 178 174 181 191 193 196 201 203 207 209 214 215 250 254 254 252 254 254 252 253 253 253 255 252 253 253 
244 241 243 241 246 242 243 243 244 243 245 241 246 243 207 182 112 92 85 83 88 83 87 80 79 79 80 78 73 75 70 64 64 60 57 55 64 61 59 62 73 73 94 132 149 164 191 195 197 197 196 190 188 188 187 181 159 147 135 127 137 136 159 168 172 173 181 187 198 200 202 208 206 205 208 210 213 215 221 253 254 253 254 254 253 253 254 253 253 253 255 253 
245 242 242 244 242 242 244 243 244 246 243 243 244 244 226 144 111 94 82 80 85 91 92 95 100 96 107 97 94 93 89 82 73 70 70 70 68 65 67 65 79 85 91 125 147 162 195 201 200 197 197 192 189 190 194 194 196 198 193 171 165 159 154 155 158 166 173 179 194 204 203 203 200 201 203 210 211 212 174 251 254 255 254 253 253 253 252 253 252 251 253 253 
244 241 241 242 244 243 244 244 245 243 245 243 245 242 227 135 115 90 85 86 87 90 96 106 106 103 109 113 111 106 93 93 88 81 73 72 68 66 67 66 76 82 93 119 149 162 191 201 200 195 200 197 186 188 195 198 200 199 197 190 183 172 160 159 158 162 168 170 194 203 204 199 198 200 203 211 211 210 189 251 254 253 254 253 253 253 253 253 252 251 255 253 
241 242 243 243 243 243 244 245 245 243 244 244 247 243 205 91 109 89 85 81 85 87 93 102 110 112 113 115 117 116 110 99 92 82 79 71 71 65 62 64 76 80 90 122 146 162 186 214 204 201 202 197 181 182 190 194 204 200 199 196 197 193 184 176 175 167 169 168 177 183 187 188 194 196 202 211 212 212 172 253 253 253 254 253 255 253 253 252 251 251 253 253 
241 242 242 243 242 244 243 244 244 244 243 245 245 244 238 104 107 86 84 85 84 84 90 99 112 115 117 116 118 115 104 97 89 82 78 74 71 64 61 65 77 73 82 118 142 161 185 212 206 206 198 194 176 177 180 187 197 202 198 204 199 199 189 187 186 183 176 174 175 176 181 184 191 195 201 209 211 213 165 253 253 254 254 252 254 253 253 253 252 251 253 255 
241 240 241 239 243 242 243 244 243 243 243 245 245 242 245 115 104 87 86 84 86 88 95 100 115 118 119 115 116 113 99 85 87 81 75 77 61 72 72 78 74 74 81 114 139 155 183 219 219 205 202 188 179 182 182 176 184 187 189 193 196 194 190 191 193 189 192 192 194 193 191 192 195 199 202 210 212 212 210 252 253 254 253 252 254 253 251 254 254 253 253 253 
241 241 241 240 242 242 243 243 242 242 242 242 244 242 232 114 105 88 84 87 83 88 97 101 113 118 121 117 116 115 97 90 85 80 79 75 75 82 81 78 72 85 87 107 131 152 184 219 211 204 205 193 186 193 193 191 173 181 184 190 191 192 191 191 190 195 197 197 195 193 194 191 196 200 202 209 212 212 218 253 253 253 252 253 253 251 251 253 255 255 253 254 
241 239 242 242 242 242 241 240 243 240 240 242 244 241 246 99 106 91 88 88 83 91 95 95 108 108 114 114 113 110 93 90 87 79 76 68 90 87 80 85 78 78 81 107 123 144 172 180 193 200 203 202 194 193 193 196 164 160 168 176 179 182 188 188 192 197 199 196 199 196 194 193 197 200 202 206 210 211 240 253 254 253 254 251 254 253 254 253 255 255 255 253 
240 241 241 242 243 242 240 240 242 239 240 241 244 241 235 114 110 88 90 86 88 81 88 93 107 107 111 111 110 105 93 87 83 79 74 70 82 82 77 77 72 73 78 100 116 137 159 162 177 190 196 196 183 180 177 180 171 157 161 173 178 177 185 188 190 193 197 198 196 199 200 194 198 200 202 206 211 213 250 253 254 253 254 254 253 253 251 254 253 253 253 255 
240 240 241 238 242 241 240 240 241 239 240 240 241 240 223 85 106 84 88 89 90 87 91 92 102 105 110 107 107 105 91 86 82 76 75 72 79 75 69 72 70 74 74 90 104 121 154 154 163 185 190 185 159 144 141 161 179 160 157 170 172 175 181 186 189 190 195 194 198 198 198 199 199 202 201 207 211 209 251 253 253 253 253 254 253 253 253 253 253 253 253 255 
239 238 240 239 240 240 241 240 240 239 240 239 242 240 242 106 103 89 88 85 87 83 88 90 98 101 102 99 95 96 86 81 80 77 73 72 58 47 31 26 41 66 68 72 77 92 126 136 145 169 145 29 33 44 73 125 196 174 164 166 168 175 180 185 183 187 189 191 195 196 199 200 199 201 199 206 208 181 249 253 253 251 252 253 253 253 253 254 253 252 253 252 
239 238 239 240 239 239 240 240 240 240 240 238 241 240 217 151 98 86 84 83 84 86 88 87 96 95 101 93 87 91 85 81 78 78 74 69 53 41 39 35 23 24 45 73 73 77 111 117 131 93 43 45 61 61 76 124 196 194 169 166 170 173 182 178 180 183 186 187 192 194 198 199 201 201 203 203 205 174 250 253 254 253 253 252 253 253 253 253 252 253 255 253 
237 237 239 236 238 239 240 239 240 241 239 240 241 241 229 197 90 82 87 83 84 84 86 83 87 82 84 88 85 79 82 82 81 76 71 67 56 43 37 42 53 46 45 47 67 78 85 110 116 157 157 152 119 120 180 197 202 197 197 166 167 171 177 177 178 180 184 184 192 194 195 196 197 201 199 205 197 112 254 254 252 253 253 253 254 254 254 254 254 253 253 252 
238 238 237 238 239 240 238 239 239 238 240 240 241 241 224 211 94 82 84 78 82 86 80 79 81 80 84 84 83 76 82 81 81 77 72 70 62 57 53 37 33 42 49 48 49 66 92 98 132 158 152 135 137 171 191 194 199 201 196 175 170 166 177 177 179 179 182 185 188 193 195 196 199 199 198 204 194 122 253 254 254 253 253 253 254 254 254 254 253 253 253 253 
237 238 236 236 237 237 237 238 238 239 238 239 243 241 239 234 122 88 80 81 80 82 80 81 79 77 81 78 75 83 78 78 78 74 70 70 66 54 55 52 44 38 42 65 68 60 72 107 127 146 163 175 181 190 191 194 199 198 199 190 183 177 179 181 176 179 179 182 187 192 195 195 197 197 199 195 159 136 252 253 253 254 253 253 253 254 254 254 253 253 253 253 
237 236 236 234 236 239 239 240 240 239 240 238 243 241 238 240 156 80 86 80 80 82 82 75 82 77 81 80 78 78 75 75 76 72 73 66 59 53 52 40 24 25 30 58 84 63 55 76 103 123 134 149 183 185 189 194 196 192 199 197 188 182 178 179 179 179 180 179 186 188 194 194 197 193 200 185 133 159 254 254 254 254 254 254 254 254 254 254 253 253 253 253 
236 237 236 238 238 237 238 237 240 239 240 239 240 239 240 234 237 71 88 72 72 79 73 78 74 80 77 73 74 68 53 52 54 35 34 41 30 33 24 20 20 21 40 94 111 86 48 60 86 94 87 100 111 99 131 142 145 154 163 176 163 149 181 177 176 175 179 180 183 186 187 191 194 191 191 144 111 217 253 253 253 253 254 253 254 254 254 254 254 253 254 254 
236 235 237 235 237 239 238 239 239 239 240 237 238 239 241 230 236 72 80 78 75 75 76 75 78 77 72 72 70 59 47 42 37 34 26 24 36 27 23 24 21 31 47 121 120 91 46 63 86 83 74 76 88 65 119 104 134 132 110 145 152 160 179 180 175 175 177 179 184 184 185 187 189 186 183 144 153 244 254 254 253 253 254 253 254 253 253 254 253 253 254 253 
235 236 235 236 237 239 238 238 238 239 240 238 238 238 240 238 240 66 88 78 73 70 75 79 74 74 74 66 64 45 35 32 27 22 26 25 31 25 25 28 29 34 74 140 127 96 48 52 90 99 79 73 78 95 108 89 109 80 99 108 120 132 158 175 177 174 176 176 183 183 183 185 183 184 178 107 176 252 252 252 253 252 253 253 254 254 253 253 253 253 254 253 
234 234 235 234 237 236 237 238 239 240 238 237 239 239 239 231 239 140 61 72 73 68 76 74 80 73 77 56 52 29 29 29 31 23 25 32 36 36 37 40 72 95 126 154 135 131 111 117 125 144 102 99 96 88 99 79 69 73 70 74 83 79 112 146 180 179 178 177 176 179 179 178 176 177 176 115 249 253 252 251 253 253 253 252 253 254 253 253 253 253 254 253 
233 232 235 234 236 236 238 237 238 241 237 239 238 237 238 239 239 163 60 78 71 67 71 75 71 72 69 54 34 28 29 30 35 27 32 39 51 46 51 59 67 64 67 142 145 154 159 155 141 123 147 140 135 85 125 109 79 72 71 62 61 66 93 136 169 177 177 177 176 175 178 168 175 176 163 161 251 253 251 253 253 253 252 254 253 253 253 254 253 252 252 252 
233 231 233 233 235 236 237 237 237 237 238 237 237 238 239 238 238 245 149 67 82 70 72 70 72 68 66 38 27 33 40 41 42 46 54 53 52 51 43 45 45 43 44 46 62 90 105 78 73 86 77 71 114 134 142 142 103 71 64 55 65 77 111 90 107 178 176 177 175 175 171 163 166 169 131 243 253 249 254 254 253 253 254 253 254 254 254 254 252 253 251 251 
231 233 232 232 229 236 235 236 238 235 237 236 238 237 238 237 237 241 203 82 61 65 66 71 71 68 63 37 35 47 47 43 36 43 46 53 40 40 43 38 43 45 42 40 47 65 98 97 65 74 71 71 71 79 101 122 110 100 77 67 72 87 111 100 137 169 176 177 176 173 164 157 158 155 88 247 253 250 253 252 253 253 254 254 253 253 254 254 252 254 252 252 
231 229 233 231 236 236 228 231 238 235 237 238 239 235 237 236 238 236 237 188 62 84 76 54 74 69 70 54 47 50 46 42 36 24 30 35 39 40 35 35 30 30 18 22 38 47 81 54 31 36 51 40 40 31 37 42 39 30 36 42 60 86 103 111 150 171 173 174 168 163 154 157 135 88 158 250 253 254 250 251 252 252 254 253 254 253 253 253 253 253 254 252 
229 229 234 230 235 236 236 233 225 223 225 231 234 235 236 237 239 234 241 233 92 72 79 62 71 70 71 62 50 50 47 47 38 35 41 46 50 50 48 51 50 50 47 38 41 36 70 73 114 139 146 144 145 135 115 110 51 29 28 50 68 86 120 126 148 174 175 176 161 157 147 148 98 78 241 253 250 254 249 253 251 253 254 254 254 254 253 252 253 253 254 253 
230 231 232 231 234 233 232 235 236 234 238 235 236 234 234 235 238 233 234 236 181 50 66 72 65 68 69 64 52 48 52 51 47 47 48 46 49 46 54 65 87 119 114 124 131 120 137 127 126 143 147 148 146 138 131 144 146 133 108 75 74 98 114 133 159 173 173 169 162 156 151 115 128 232 244 252 253 253 253 250 253 253 254 253 255 254 253 253 252 251 254 253 
230 231 232 231 234 234 235 234 235 233 236 233 235 233 233 233 236 236 235 234 217 59 50 67 65 64 63 57 55 52 46 51 53 52 56 56 52 54 48 46 96 92 101 115 114 112 143 117 121 164 148 139 133 135 136 151 145 137 136 104 95 102 116 128 150 171 169 168 162 150 136 110 183 250 252 252 253 253 252 250 253 253 253 254 254 254 253 252 252 252 253 254 
228 228 234 233 232 233 235 234 236 234 235 232 233 233 234 234 233 232 234 234 239 139 45 42 58 62 63 56 52 47 46 49 58 58 53 54 59 55 55 55 61 60 69 78 83 91 87 105 105 104 109 114 129 136 144 148 148 143 142 127 110 99 113 119 136 154 153 149 139 132 98 155 242 251 252 251 253 252 251 252 252 253 253 253 253 252 253 251 251 252 250 253 
227 230 232 231 234 235 234 234 234 235 233 234 234 234 235 232 233 235 238 238 237 209 83 44 49 47 56 54 45 48 46 45 56 56 54 57 57 55 59 62 62 62 65 77 77 85 84 86 91 102 112 119 129 139 137 142 144 144 141 128 114 104 109 108 117 148 150 138 123 102 97 201 246 252 252 252 252 253 253 253 252 252 252 252 252 252 253 252 251 250 253 249 
227 228 232 230 233 235 234 234 233 233 235 234 233 235 235 236 233 234 236 239 238 226 95 47 35 41 46 50 44 43 43 49 53 60 55 56 53 49 48 46 59 62 58 74 84 82 83 82 88 106 100 108 114 128 131 133 139 140 142 109 105 107 117 114 114 138 142 137 112 92 73 232 242 251 251 252 253 252 253 252 254 251 252 252 252 252 252 253 251 251 251 251 
226 226 229 228 233 234 235 235 233 233 234 235 234 234 237 236 233 238 240 239 239 238 239 127 32 37 34 41 36 34 30 33 36 50 50 53 52 49 41 36 27 19 19 17 23 30 21 28 29 45 47 58 79 91 102 108 116 113 111 83 92 73 95 82 106 128 109 109 76 113 235 251 249 252 251 252 252 253 251 252 252 252 252 251 252 252 251 253 252 252 251 251 
227 226 227 229 233 234 233 234 233 231 234 234 235 235 234 235 239 238 242 239 243 241 243 195 34 36 29 29 34 30 30 29 29 43 46 48 50 46 48 34 19 20 18 22 27 28 34 31 37 39 50 57 75 85 97 100 101 91 91 71 71 77 65 80 101 99 108 83 76 148 242 251 252 250 251 252 253 252 252 252 253 251 252 252 253 252 252 253 253 252 253 250 
226 226 227 226 232 232 232 232 233 231 234 233 233 235 234 234 234 235 240 233 238 240 94 56 34 31 30 24 28 23 26 24 23 31 38 40 44 42 42 42 35 40 37 35 42 43 60 68 74 67 62 72 67 81 89 87 61 66 57 60 49 52 60 48 69 54 55 60 208 252 250 252 252 251 251 251 253 253 252 252 252 252 251 252 252 252 251 253 252 251 252 251 
225 225 226 228 230 232 233 232 234 231 233 235 234 233 235 235 234 236 209 219 201 113 71 30 44 34 33 32 26 24 23 24 22 32 36 38 46 43 45 47 54 49 49 49 55 65 84 100 106 102 94 90 92 87 95 96 66 59 36 45 49 45 57 57 62 52 52 63 234 251 252 251 251 250 252 250 252 252 252 252 252 250 251 252 252 250 253 253 252 251 253 253 
222 224 227 227 230 229 230 229 230 229 233 232 234 233 221 175 109 54 126 109 97 63 32 61 62 55 33 29 26 26 23 21 22 31 31 35 35 43 47 51 46 51 50 61 76 67 103 100 115 126 133 137 113 94 81 73 51 40 39 33 39 39 37 48 43 67 110 158 153 80 164 252 251 251 252 251 252 251 253 252 252 251 253 251 253 252 253 254 252 252 253 254 
224 224 226 227 228 230 231 232 232 233 234 233 240 153 115 115 121 99 114 102 94 57 41 75 63 53 45 27 28 24 22 19 27 28 27 35 34 47 44 43 51 49 52 60 57 73 71 92 106 125 132 134 111 98 94 68 50 33 37 35 34 31 40 48 42 70 119 150 187 46 103 213 209 247 251 252 252 252 252 253 252 252 252 251 252 251 252 253 253 253 252 252 
222 224 226 225 227 216 207 196 160 158 150 140 144 110 100 110 55 104 91 88 98 34 44 66 61 67 53 47 31 24 23 19 24 24 29 31 33 31 36 41 47 42 47 62 64 69 71 77 81 112 125 118 81 98 76 78 53 49 54 32 32 43 39 41 65 164 175 177 190 167 118 179 214 187 198 210 234 250 249 252 250 252 252 251 253 252 253 253 253 251 253 251 
193 190 168 160 151 148 147 141 135 130 134 131 125 115 97 106 55 98 96 88 97 37 59 63 58 61 55 47 39 24 21 21 22 23 28 28 33 29 41 39 42 37 38 55 57 54 47 74 81 103 92 105 80 63 60 53 59 44 56 33 33 34 38 64 128 164 174 176 189 137 191 100 198 205 178 210 142 234 250 250 252 252 253 252 253 253 251 254 252 254 253 253 
151 150 142 142 139 135 134 134 127 126 126 122 111 106 110 65 63 89 80 90 76 34 52 62 62 59 54 51 50 36 23 23 21 24 28 27 28 33 33 36 35 41 49 55 46 48 53 69 74 88 99 83 75 56 66 49 65 46 51 34 33 26 55 125 142 172 175 175 185 118 192 43 164 202 199 206 183 187 208 211 235 251 251 252 253 252 253 251 254 253 254 253 
135 135 132 128 131 127 131 126 121 120 117 107 99 101 89 51 107 87 87 85 69 42 44 58 55 58 58 54 53 46 32 23 24 23 25 25 24 28 29 32 34 34 46 37 33 35 39 54 57 66 72 51 67 47 43 42 28 46 44 41 65 55 102 145 163 170 176 175 185 108 183 161 54 170 201 188 206 132 212 211 224 226 252 251 251 252 252 253 253 253 253 252 
132 131 132 127 131 127 129 123 121 122 118 102 102 98 58 72 97 77 86 73 62 43 43 51 60 62 59 51 53 53 43 31 20 24 23 25 23 23 38 25 29 33 35 30 24 29 41 40 31 55 55 50 33 43 40 36 29 38 34 44 43 47 144 163 164 170 174 171 185 106 185 173 46 144 193 183 199 220 230 208 215 205 217 221 242 252 252 253 254 253 253 253 
123 124 125 123 128 120 122 125 120 113 106 93 101 105 52 106 92 81 91 69 37 55 36 54 55 53 55 50 53 53 51 45 39 20 26 20 24 20 22 24 23 25 29 25 26 24 33 29 36 35 39 37 32 34 32 30 31 36 38 53 96 152 163 170 166 173 169 174 173 141 179 176 139 38 166 199 195 209 61 225 207 200 192 210 216 213 212 211 210 210 212 213 
122 124 123 123 126 120 119 122 116 107 100 101 99 109 55 101 91 77 86 66 38 53 35 49 54 53 55 50 58 54 52 44 47 32 25 24 23 24 24 23 22 22 24 22 25 20 22 24 39 31 32 29 31 30 27 24 27 37 37 111 125 157 169 169 168 171 176 170 168 161 185 175 162 54 147 204 181 202 84 197 203 209 190 207 214 213 211 210 207 206 206 204 
118 118 118 115 122 115 116 118 110 95 88 91 96 82 109 92 80 84 85 59 40 58 46 50 49 55 53 51 53 51 49 48 47 41 44 32 27 24 21 20 21 18 19 21 21 19 21 29 22 26 24 28 26 38 44 34 58 109 121 148 154 157 162 166 164 170 171 173 98 176 176 178 173 90 97 195 207 187 210 57 223 223 192 188 213 213 211 207 204 203 202 202 
118 114 113 115 119 112 111 112 97 82 94 99 115 48 103 79 83 82 83 56 44 62 38 53 50 52 51 58 54 55 46 48 53 47 49 43 28 26 22 21 20 25 20 20 21 20 22 24 23 20 25 26 37 36 32 43 93 127 140 154 154 158 163 165 166 167 172 170 111 176 175 180 176 112 70 185 209 178 210 117 147 210 201 197 214 213 213 206 205 204 201 200 
121 114 114 112 115 114 116 104 91 89 95 93 100 43 89 84 86 88 67 45 51 66 55 44 60 53 54 55 60 53 51 51 47 49 45 47 44 41 39 30 29 32 32 27 33 45 42 48 47 63 53 60 94 110 116 126 137 140 147 153 156 158 160 163 165 168 171 161 171 173 174 183 184 148 54 184 205 185 205 209 82 202 214 197 192 210 211 204 205 205 203 202 
117 112 111 117 113 111 110 102 85 91 100 102 73 48 92 86 83 84 65 45 55 63 59 43 61 64 55 55 51 58 50 51 51 52 49 51 48 49 49 38 38 40 45 40 37 46 57 55 59 81 86 96 110 127 129 132 139 143 150 152 157 157 162 164 165 167 162 162 172 174 176 185 181 176 69 181 193 206 203 201 134 218 203 202 189 203 208 209 204 205 205 202 
111 115 112 114 115 111 102 106 89 92 92 112 49 40 88 85 85 83 66 48 52 62 65 42 59 61 54 49 49 53 50 50 51 48 52 51 49 49 47 46 42 38 46 44 47 48 63 68 69 85 93 114 124 129 133 138 142 145 149 155 156 158 163 163 165 165 166 156 173 177 178 186 185 179 84 173 193 207 193 206 148 228 185 211 195 193 213 207 207 205 205 204 
110 109 109 110 105 105 100 94 89 92 89 90 46 61 87 82 86 90 68 51 69 73 72 39 66 67 63 55 62 51 55 57 54 53 51 60 58 56 55 54 54 58 55 52 56 71 84 88 89 108 115 122 136 139 142 144 149 151 154 157 159 162 164 164 171 170 168 94 177 178 182 193 194 191 106 175 182 210 184 197 214 118 215 194 195 194 189 211 207 208 203 202 
113 111 107 102 110 104 102 90 96 90 87 69 51 88 91 86 86 81 66 53 68 72 71 48 61 69 62 59 54 59 55 51 56 54 54 53 56 60 58 55 60 59 54 65 72 79 87 108 109 115 121 127 138 140 143 146 150 150 156 159 159 160 168 174 177 168 162 80 176 182 183 192 196 195 115 177 182 209 182 205 213 64 223 169 194 199 191 211 210 206 205 205 
109 104 108 99 105 102 90 89 98 85 90 53 46 99 80 83 83 81 50 66 69 72 82 60 71 75 63 59 64 56 58 62 55 50 61 58 60 58 64 64 65 61 69 84 96 102 116 116 116 127 128 133 141 147 152 154 157 159 158 160 168 177 173 174 172 169 138 130 182 183 189 191 195 197 116 168 185 205 169 188 197 110 173 191 199 182 191 198 210 208 208 204 