
161 163 156 193 248 254 253 254 255 255 255 254 255 255 255 255 255 255 255 255 254 254 255 255 255 255 254 254 255 255 255 255 255 255 255 255 255 255 255 255 255 255 255 255 255 255 255 255 254 254 255 255 254 254 254 254 255 255 255 255 255 255 255 255 255 255 255 255 255 255 255 255 255 255 255 255 255 255 255 255 255 255 255 255 255 255 255 255 255 255 255 255 
160 157 163 143 196 253 252 254 255 254 253 254 255 255 255 255 253 255 255 255 255 255 255 255 253 255 253 254 255 255 255 255 255 255 255 255 255 255 255 255 255 255 255 255 255 255 255 255 254 254 253 255 254 254 254 254 253 255 253 255 255 255 255 255 255 255 255 255 255 255 255 255 255 255 255 255 255 255 255 255 255 255 255 255 255 255 255 255 253 255 255 255 
162 156 152 132 137 252 254 254 253 253 254 253 255 255 255 253 254 254 255 255 255 255 255 255 255 253 255 255 255 255 254 254 254 253 255 254 255 255 255 255 255 255 255 255 255 255 255 255 254 254 255 255 254 254 255 255 255 253 255 255 255 255 255 255 255 255 255 255 255 255 255 255 255 255 255 255 255 255 255 255 255 255 255 255 255 255 255 255 255 255 255 255 
179 159 221 120 97 253 254 252 252 253 253 253 253 253 253 253 254 254 255 253 254 254 255 255 255 255 255 255 255 255 254 254 254 255 255 254 255 255 255 255 253 255 255 253 255 255 253 255 254 254 254 255 255 254 255 255 255 255 255 255 255 255 255 255 255 255 255 255 255 255 255 255 253 255 255 253 255 255 253 255 253 255 255 255 255 255 255 253 255 255 255 255 
187 165 246 203 98 230 254 253 253 253 253 253 254 253 253 253 253 252 254 253 255 253 253 253 255 253 253 255 253 253 253 253 255 253 254 253 255 253 253 253 253 253 253 253 253 253 253 253 255 253 255 253 253 253 253 253 254 253 253 255 254 253 253 253 253 253 253 253 253 253 253 253 253 253 253 253 253 253 253 253 253 253 253 253 253 253 253 253 253 255 255 253 
176 174 250 253 105 160 254 253 255 251 255 252 254 252 253 253 253 254 253 253 253 253 255 255 255 255 255 255 255 255 255 255 255 255 254 254 255 255 255 255 255 255 255 255 255 255 255 255 255 255 255 255 255 255 255 255 254 254 255 255 254 255 255 254 254 255 255 255 255 255 255 255 255 255 255 255 255 255 255 255 255 255 255 255 255 255 255 255 255 253 253 253 
179 173 251 252 215 105 158 254 254 255 254 252 253 252 253 253 254 253 253 253 253 253 253 253 253 252 253 253 253 253 253 253 253 253 253 253 253 253 253 254 253 253 253 253 253 253 253 253 253 253 253 253 253 254 253 253 253 253 253 253 253 253 253 253 253 253 253 253 253 253 253 253 253 253 253 253 253 253 253 253 253 253 253 253 253 253 253 253 253 253 255 253 
178 155 156 251 253 103 107 197 255 254 254 253 255 253 255 254 253 253 255 253 253 253 253 253 254 253 255 255 253 255 255 255 255 253 255 253 254 253 255 254 253 255 253 253 255 255 253 254 254 253 254 253 255 254 253 255 255 253 255 255 253 255 255 255 255 255 255 255 255 255 255 255 253 255 253 253 255 255 253 255 255 253 255 253 253 255 253 255 255 255 253 253 
160 106 89 139 215 104 90 94 185 255 254 254 255 254 253 253 253 253 253 253 253 253 253 253 252 253 253 252 255 255 253 253 253 252 253 253 252 253 253 253 252 252 253 252 254 253 253 252 253 253 253 253 252 253 253 253 254 253 252 253 253 253 253 253 253 253 253 253 253 254 253 253 253 252 253 254 253 253 253 253 253 253 253 253 253 253 253 253 253 253 255 253 
151 103 148 240 255 205 86 83 118 194 255 253 255 255 252 253 252 253 252 253 253 254 253 253 253 253 253 253 253 253 255 253 255 253 254 253 255 255 255 254 252 253 253 253 255 255 253 253 254 253 255 253 255 252 255 255 253 253 252 252 253 253 253 253 253 253 253 253 253 253 253 253 253 253 253 254 253 253 253 253 253 253 253 253 253 253 253 253 253 253 253 253 
186 110 208 254 255 123 83 70 111 206 253 254 254 254 253 253 254 253 255 253 253 253 253 253 253 252 253 255 254 254 255 253 253 254 254 254 254 254 253 253 254 254 255 255 253 254 254 255 254 254 255 255 255 254 253 255 254 255 255 253 255 253 254 254 254 253 255 255 253 253 253 254 255 255 255 255 255 255 255 255 255 255 255 255 255 255 255 255 255 255 255 255 
242 198 253 251 254 235 115 95 116 237 251 252 254 254 254 252 253 253 255 252 255 253 253 253 253 253 253 255 254 254 254 254 254 254 254 254 253 245 244 250 253 253 254 254 254 254 254 254 248 255 254 254 254 254 254 254 255 255 255 255 255 255 254 254 254 254 255 253 255 255 254 254 253 253 255 253 255 255 255 253 255 255 255 255 255 255 255 255 253 255 255 253 
254 253 218 235 247 247 251 252 245 250 252 250 254 254 253 254 254 253 253 252 255 253 253 253 254 254 254 254 254 254 254 242 201 62 68 80 92 64 62 87 133 141 127 165 191 175 86 72 69 72 95 88 114 120 204 248 247 254 254 254 254 254 255 255 255 253 255 253 255 255 255 255 255 253 255 255 255 255 255 253 255 255 255 255 255 255 255 255 255 255 255 255 
254 250 227 213 222 213 224 223 251 251 251 248 252 253 254 254 254 254 254 253 253 253 253 254 253 251 254 252 253 251 197 117 89 50 62 85 76 68 69 85 99 107 106 148 125 124 98 86 78 63 76 77 109 99 89 115 122 160 226 253 253 254 254 254 255 253 253 255 255 255 255 255 253 255 255 255 255 255 255 255 255 255 255 255 255 255 255 255 255 255 255 255 
253 253 227 212 206 215 211 220 247 249 249 250 250 250 254 253 253 254 254 254 254 253 254 253 254 253 252 251 250 225 194 127 92 63 88 87 83 71 72 93 95 103 105 100 106 106 103 110 99 68 103 82 106 99 83 91 105 107 120 196 223 232 250 253 254 253 253 255 254 255 255 255 255 255 253 254 255 255 255 255 255 255 255 255 255 255 255 255 255 253 255 253 
254 251 254 229 236 243 247 246 248 250 247 250 251 251 251 252 254 252 253 253 254 254 253 252 247 223 171 108 116 118 134 93 93 126 96 78 65 92 98 96 94 93 87 85 80 73 101 99 93 85 90 86 98 99 94 92 98 110 105 130 135 140 132 163 219 254 254 253 255 255 253 255 255 253 255 254 255 255 253 253 253 253 253 253 253 253 253 253 253 252 255 253 
253 254 253 252 250 247 248 248 249 249 248 249 251 253 251 251 248 248 253 252 254 252 253 251 187 121 81 82 96 97 93 95 101 95 99 85 70 84 85 91 87 87 70 60 60 65 83 84 73 66 85 79 92 86 90 85 93 107 118 135 132 137 117 115 161 223 218 250 254 254 255 255 253 255 253 252 255 253 253 253 253 253 253 252 255 253 253 252 253 253 253 253 
255 253 253 253 252 250 249 250 251 251 250 252 252 253 253 253 250 251 250 253 253 253 247 228 92 84 67 56 84 88 72 67 66 66 67 59 67 72 73 68 59 48 54 45 43 52 51 43 52 50 50 57 66 73 81 88 104 77 72 110 116 128 111 109 92 84 139 166 252 254 252 253 253 253 253 253 253 253 252 253 253 253 253 253 255 253 253 253 255 253 255 253 
254 254 253 253 253 252 252 251 251 248 248 251 253 253 252 253 253 251 253 252 252 199 134 95 89 70 73 63 81 88 71 50 68 48 46 47 64 71 60 67 63 66 44 52 44 42 40 38 37 41 44 42 52 60 95 85 97 100 101 96 102 98 107 110 115 93 80 135 253 253 253 254 253 254 253 253 254 252 253 252 253 253 253 253 253 253 253 253 253 253 253 253 
253 254 253 252 254 252 252 252 251 249 248 249 252 253 252 252 252 252 251 248 237 95 74 74 65 73 79 64 64 66 63 49 49 36 64 57 54 54 41 46 68 56 62 31 47 38 38 34 34 35 42 40 52 61 69 86 74 52 84 89 96 102 96 116 115 110 84 80 137 237 253 251 253 253 253 255 255 253 253 252 252 253 253 252 253 252 253 253 253 252 255 253 
255 252 254 251 254 254 253 252 252 250 250 249 253 252 253 253 253 252 252 246 226 86 67 75 65 87 82 54 64 58 50 49 43 49 61 55 58 42 37 41 41 43 54 38 47 42 37 34 33 35 41 44 44 44 58 76 74 77 83 69 93 121 114 114 130 104 82 94 129 162 246 253 254 253 254 254 255 253 253 250 253 250 255 253 255 253 253 253 253 253 255 253 
253 253 254 252 254 253 254 251 252 252 253 251 253 252 253 252 252 226 177 135 119 81 82 78 63 81 61 51 49 42 54 43 44 37 43 49 44 42 29 35 32 35 31 39 40 37 36 33 29 33 34 30 50 40 43 53 72 105 56 66 74 69 65 83 109 97 79 78 92 94 111 218 253 254 254 252 253 253 253 253 253 253 253 253 253 253 253 253 255 253 253 253 
253 253 252 252 254 253 251 251 250 250 251 252 252 253 252 251 251 190 103 107 77 69 74 76 54 56 82 45 41 39 54 39 31 44 41 44 40 35 30 34 35 30 39 30 35 33 31 38 34 32 31 31 41 38 34 44 46 40 39 54 53 53 61 89 102 110 86 72 94 101 106 160 241 252 255 253 255 253 253 254 253 252 253 250 255 255 253 253 253 253 253 253 
253 253 252 252 254 252 252 249 251 249 253 251 251 253 252 252 249 158 155 97 73 60 72 58 48 47 67 44 36 32 40 34 30 39 37 36 31 26 27 30 41 36 27 32 31 32 28 26 32 28 29 34 44 42 34 37 40 34 41 49 50 53 75 83 85 84 47 68 118 83 93 116 181 254 253 253 255 253 253 253 255 253 253 253 255 253 253 253 255 253 255 253 
253 253 253 251 254 253 252 250 248 248 251 252 253 253 252 251 247 181 137 99 65 54 75 59 46 42 35 29 33 36 35 34 35 29 28 27 38 28 37 34 30 24 23 29 25 30 28 21 24 23 34 32 37 32 31 35 35 36 44 42 42 54 86 77 69 87 96 119 116 107 99 105 100 128 184 254 254 254 255 253 255 255 255 255 255 255 255 255 253 253 255 253 
252 253 253 253 254 252 253 252 250 251 251 252 253 252 250 247 233 116 73 66 63 52 50 68 52 36 35 30 29 33 28 31 32 29 31 27 28 32 31 33 25 25 22 23 26 21 25 21 22 25 28 28 35 36 34 35 40 40 48 74 64 65 58 51 54 62 78 91 111 112 100 79 88 109 131 219 253 253 254 255 253 255 255 253 255 255 255 255 253 255 253 255 
253 252 253 251 254 252 252 250 251 249 253 251 252 248 182 169 139 60 49 43 43 51 50 43 47 46 26 32 24 27 30 25 26 26 25 25 26 34 31 29 28 27 26 21 21 24 24 21 26 25 29 27 34 31 31 35 37 39 48 54 62 45 38 48 55 58 61 70 78 86 87 64 67 131 130 178 212 186 254 253 255 255 255 255 255 255 255 255 255 255 255 255 
254 254 253 251 254 253 252 249 253 250 253 250 252 248 100 133 90 54 49 46 38 44 45 35 36 35 26 29 25 28 31 24 22 22 23 25 28 27 29 29 26 24 21 20 20 23 24 25 25 22 26 28 31 32 31 33 29 42 68 40 58 49 51 46 42 47 52 45 83 78 66 57 63 92 122 144 172 172 252 254 253 255 255 255 255 255 255 253 253 255 253 253 
254 252 253 254 253 251 251 250 252 252 249 252 247 218 166 74 49 37 33 34 33 35 32 36 26 22 28 23 25 28 24 24 24 22 22 23 30 26 23 22 23 20 22 22 25 22 27 27 28 33 35 33 37 35 36 35 37 31 34 53 68 48 51 57 53 77 94 97 81 74 89 73 84 87 79 171 162 129 226 254 253 253 254 253 255 255 254 255 255 253 255 255 
253 252 254 252 254 252 251 250 253 249 252 247 238 218 180 69 52 32 34 31 33 36 32 32 25 25 21 25 27 27 26 22 23 19 22 25 25 25 23 21 26 26 29 23 24 26 26 30 29 38 36 35 35 34 36 36 27 26 28 42 43 47 71 61 56 76 82 95 87 78 82 87 81 68 87 175 182 118 213 253 253 255 254 254 253 253 254 254 253 254 255 253 
252 252 253 253 253 252 252 253 251 249 252 248 236 233 83 40 48 29 31 30 26 28 26 31 27 26 25 24 27 28 29 25 26 29 33 32 35 38 32 33 38 35 34 35 42 33 40 46 44 53 63 48 46 48 32 33 36 43 60 37 42 45 45 48 60 63 77 90 83 90 96 96 60 69 114 147 136 81 185 253 253 253 254 253 255 253 254 254 254 254 255 255 
253 252 253 253 252 252 253 253 250 250 252 251 226 211 62 47 49 31 28 29 28 30 27 27 27 28 22 25 27 28 32 33 35 37 42 43 47 49 49 50 48 46 45 42 42 41 42 49 60 62 71 62 51 47 47 55 59 62 56 57 55 57 49 54 53 67 75 89 93 96 97 87 61 68 96 116 97 89 171 253 253 253 254 253 253 253 254 254 254 254 255 255 
254 254 252 252 252 252 253 252 250 251 252 240 218 146 42 36 39 28 31 27 27 26 28 31 25 26 27 27 34 37 46 52 56 61 75 73 76 74 81 80 84 84 80 68 65 72 63 74 76 89 86 77 81 81 79 74 102 107 88 75 77 78 69 65 69 67 69 63 52 62 86 56 77 84 72 80 82 79 204 254 253 253 253 253 253 253 254 254 253 253 255 254 
253 253 252 253 250 250 253 253 249 251 252 250 231 130 40 34 35 32 33 25 28 27 24 25 28 30 31 37 39 51 62 65 75 92 87 89 93 100 98 97 91 91 89 89 89 87 78 78 89 105 111 101 83 89 87 99 128 141 131 107 81 87 79 74 73 53 58 71 61 79 61 71 84 92 71 86 85 111 238 254 253 253 253 253 253 255 253 253 253 253 255 253 
253 253 252 253 250 251 252 251 251 250 252 250 240 127 35 33 38 30 33 29 28 26 23 25 27 30 29 51 49 55 73 82 89 94 101 100 105 106 107 104 101 101 100 97 101 105 100 92 105 110 112 105 87 81 94 102 136 154 154 135 103 99 88 82 69 55 62 78 90 118 113 81 78 77 83 90 94 121 254 254 253 253 252 252 253 253 253 253 253 253 253 253 
254 253 253 251 253 252 250 252 251 249 252 251 233 114 38 33 36 21 26 28 26 27 24 26 41 47 50 58 72 75 89 99 110 119 120 124 125 124 122 121 117 115 116 118 123 128 128 128 125 127 125 125 116 113 111 111 123 136 138 134 124 123 111 97 98 84 80 62 100 89 83 90 81 86 81 102 108 152 254 254 253 253 253 253 253 253 253 253 253 253 255 253 
254 254 253 250 253 253 252 251 251 248 251 252 236 95 33 36 38 27 29 25 26 24 27 36 52 58 59 68 75 83 99 106 110 121 123 125 129 130 130 131 125 125 129 135 138 139 140 139 138 137 139 132 126 123 118 117 122 125 128 128 140 132 133 117 109 93 88 72 76 82 67 74 89 82 93 108 148 200 254 255 255 252 253 253 253 253 253 253 255 252 255 255 
253 251 249 249 252 252 252 252 251 249 252 251 251 171 39 33 36 26 27 25 27 28 34 48 64 72 75 80 83 87 100 106 112 123 130 131 140 140 141 140 138 139 145 148 152 152 153 152 154 153 158 157 160 154 156 159 155 153 166 178 183 180 178 165 154 126 127 110 79 86 87 58 54 55 72 93 137 221 254 255 255 255 253 253 253 255 255 255 255 255 255 255 
251 252 251 252 252 252 251 251 249 249 250 251 252 216 42 32 38 26 25 23 24 28 35 52 66 71 74 82 86 92 99 106 111 123 129 134 137 141 143 142 139 140 145 150 154 154 155 154 156 156 160 159 162 163 162 159 169 172 181 199 200 200 182 179 167 130 128 126 86 70 76 64 42 66 73 102 130 225 254 255 254 254 255 252 255 255 253 253 253 255 255 253 
251 251 252 252 252 253 252 251 249 250 252 251 252 248 47 44 36 31 26 25 27 34 49 63 77 79 77 85 86 93 97 106 112 123 130 134 137 139 143 142 144 148 152 160 162 160 164 167 165 165 167 167 169 168 167 167 183 186 193 209 208 204 198 193 186 176 166 134 107 89 74 48 71 81 113 119 145 244 254 255 255 255 255 253 255 255 255 255 255 253 253 253 
251 250 251 252 252 252 250 252 249 248 250 252 252 252 45 44 43 30 31 28 27 36 47 64 78 78 84 85 87 91 97 105 110 121 127 135 136 142 141 141 147 151 156 161 162 163 166 169 171 171 172 171 172 171 167 169 183 186 190 201 204 203 199 195 192 179 179 171 123 95 70 50 47 77 135 116 138 247 254 253 255 255 255 255 255 254 255 255 254 253 255 254 
250 250 251 251 253 251 252 251 250 248 251 252 252 252 45 40 44 31 31 33 29 38 56 68 80 82 84 79 89 93 101 107 112 129 132 136 144 144 146 149 151 157 158 165 164 167 168 172 173 174 178 181 182 185 185 187 188 195 196 198 198 199 198 199 199 195 189 190 157 129 101 71 64 71 99 116 173 253 254 253 254 255 255 255 253 255 253 255 254 255 253 254 
252 251 251 251 252 251 251 249 249 248 250 252 252 251 47 44 43 31 35 31 33 47 61 77 78 80 80 87 89 94 107 110 116 131 136 138 147 148 150 152 156 160 160 165 169 170 168 170 171 173 177 185 185 186 188 190 196 203 206 204 203 199 199 197 199 198 196 192 163 137 112 67 64 67 106 138 224 254 254 255 255 253 253 253 255 255 255 254 255 253 255 253 
251 252 250 252 252 251 248 250 249 248 250 252 252 249 50 48 47 32 34 30 37 56 70 78 75 80 77 86 86 92 104 116 119 133 139 141 152 154 155 159 162 164 165 167 171 169 169 170 170 174 177 183 188 190 190 194 206 215 212 210 206 204 198 199 197 199 198 197 172 143 119 86 80 84 102 176 251 254 252 253 255 255 253 253 255 253 254 254 255 255 255 255 
251 248 253 252 252 251 250 251 248 248 250 252 252 252 58 51 46 35 35 43 58 70 78 81 81 79 79 87 93 98 113 122 130 142 148 151 159 160 164 164 171 171 175 176 179 175 171 173 175 172 178 181 193 195 195 205 217 222 223 219 215 209 201 202 202 199 201 197 184 161 137 97 96 93 102 225 254 254 253 253 255 253 253 253 253 253 253 253 255 253 255 253 
249 248 253 250 252 252 251 251 250 246 250 250 252 252 74 51 45 36 41 51 69 78 76 78 82 80 80 91 100 103 115 124 130 140 146 149 158 161 162 163 170 172 175 176 176 176 172 171 175 175 179 182 197 194 198 205 217 226 227 219 216 212 205 201 200 198 200 197 192 174 147 96 92 84 102 242 254 254 255 253 253 253 255 253 255 255 255 253 255 255 253 253 
247 248 253 251 252 251 252 250 248 248 250 252 252 252 193 50 51 43 62 75 80 83 81 80 84 84 100 109 112 117 122 132 132 138 142 146 155 157 157 162 168 171 173 177 178 176 174 174 174 176 179 183 190 195 198 200 217 217 221 228 223 219 212 209 206 200 199 198 196 190 170 98 82 89 108 254 254 254 253 252 253 252 253 253 255 253 253 253 253 253 253 253 
248 248 252 250 251 251 252 250 249 249 252 252 251 252 234 68 53 45 69 81 85 80 77 82 87 96 104 114 116 112 126 132 132 132 137 142 149 152 153 158 166 167 171 175 176 175 174 174 175 179 181 182 190 190 195 194 204 214 216 224 220 220 215 212 212 203 202 198 197 194 186 106 85 91 135 254 254 254 253 250 253 253 253 253 253 253 253 253 253 253 253 253 
249 251 251 248 250 249 252 250 251 248 250 248 250 249 250 204 64 80 101 89 83 81 82 83 78 87 90 95 95 106 109 111 110 113 121 120 134 139 142 143 152 156 160 166 169 169 165 166 168 177 180 179 181 181 181 183 191 190 188 196 201 201 206 207 204 203 206 205 202 200 198 155 81 90 189 254 253 254 253 253 253 253 253 253 253 253 253 253 253 252 255 255 
247 250 250 250 250 250 250 250 250 247 250 250 250 251 250 226 77 104 103 84 87 79 70 63 61 56 58 72 70 74 71 80 88 96 104 102 115 127 135 132 141 150 153 163 165 164 157 156 160 169 175 177 175 177 174 173 174 173 175 177 177 180 197 193 187 191 189 193 208 203 202 171 86 111 223 255 254 254 253 253 252 253 253 250 255 253 253 253 253 253 253 253 
248 249 250 249 249 248 249 249 249 249 250 250 251 250 248 245 202 111 96 91 76 45 42 35 34 35 34 27 31 32 35 41 41 42 48 64 78 82 98 104 114 130 142 154 154 157 149 147 151 159 160 158 159 153 152 147 152 141 132 119 129 125 108 115 120 122 130 136 161 206 208 197 102 174 254 254 255 255 252 252 253 253 255 253 253 253 253 253 253 253 253 253 
247 249 248 248 251 248 250 250 249 250 250 250 251 250 247 242 204 112 101 88 70 45 39 32 32 25 29 29 25 29 27 28 33 30 32 41 49 64 72 83 103 123 133 140 141 150 145 144 149 153 153 149 140 138 135 125 112 105 91 81 77 80 98 94 86 105 100 105 135 152 206 211 136 215 254 254 255 255 253 253 253 255 253 255 255 255 255 253 253 253 253 252 
250 249 250 249 252 251 251 250 249 248 251 250 252 249 247 241 225 117 105 87 63 46 43 41 31 30 29 26 26 26 28 27 24 29 27 33 41 46 53 61 96 114 123 134 136 143 142 143 148 150 141 131 123 114 100 88 84 60 53 38 38 36 52 62 60 100 115 102 111 123 162 213 152 225 254 254 255 255 255 253 253 253 255 253 255 255 255 255 255 253 255 253 
249 250 248 249 251 250 249 249 249 248 249 250 251 251 246 214 103 119 101 92 81 58 56 48 50 44 52 43 46 35 31 30 32 25 25 27 33 37 43 49 66 88 102 115 121 134 135 136 139 121 97 82 73 60 53 47 44 41 38 34 40 36 49 56 57 88 94 92 95 117 138 211 172 207 254 254 255 253 253 255 255 255 255 255 255 255 255 255 253 253 255 253 
247 247 249 248 251 249 250 249 249 249 250 249 250 248 246 160 90 118 100 96 87 62 58 60 55 54 55 55 54 57 53 42 40 34 29 26 34 38 37 43 58 67 87 108 119 129 137 139 139 114 89 81 69 65 57 47 38 37 43 49 57 58 79 83 106 116 122 111 115 135 152 210 180 194 255 255 255 253 255 253 253 255 255 253 255 255 255 253 253 253 255 253 
249 248 249 245 249 248 249 248 248 247 249 250 250 249 242 109 71 111 100 92 84 74 68 66 68 61 64 60 58 61 61 63 59 52 48 42 35 37 38 41 56 64 72 90 101 120 147 142 144 105 92 87 70 70 69 63 62 67 68 92 101 109 116 128 135 150 158 157 155 164 176 217 187 142 236 255 255 255 253 253 255 255 255 255 253 255 255 255 255 255 255 255 
249 249 249 244 249 249 249 249 249 246 249 249 251 249 237 95 70 110 94 87 83 71 71 66 65 63 61 54 58 60 54 54 55 50 45 40 35 30 28 34 53 60 65 85 98 114 149 151 141 115 93 81 65 65 66 65 67 68 78 94 106 106 114 117 129 157 163 163 166 169 184 216 190 129 235 254 255 255 255 255 255 255 255 255 255 255 255 255 255 255 255 255 
246 249 247 247 249 247 248 249 245 247 247 249 248 250 233 84 69 102 90 83 74 64 52 50 48 49 49 46 48 47 46 49 46 41 33 30 22 20 21 23 30 48 62 97 127 143 175 178 165 115 79 50 39 39 45 45 46 50 61 74 98 120 97 100 105 113 130 150 167 183 196 215 198 130 227 253 254 255 255 255 255 255 255 255 255 255 255 255 255 255 255 255 
247 249 250 248 249 246 248 248 246 248 248 249 249 249 243 108 71 99 91 80 73 55 55 46 44 44 47 43 38 38 32 35 32 32 36 28 23 25 24 25 24 47 60 109 139 153 200 192 178 114 60 41 37 35 38 44 47 41 56 78 102 154 138 144 148 125 115 121 159 177 194 214 204 138 233 253 254 253 253 255 255 255 255 255 255 255 255 255 255 255 255 255 
247 248 248 247 248 248 246 248 248 247 248 249 251 247 246 183 73 95 87 83 76 69 65 59 37 34 28 39 59 29 20 16 15 28 60 51 28 28 26 27 33 53 76 133 155 171 208 212 196 142 58 55 35 34 46 62 26 30 22 26 39 64 110 84 76 111 132 143 174 187 200 214 208 183 249 253 255 254 255 253 253 255 255 253 255 255 255 255 255 255 255 255 
249 248 249 248 247 248 248 248 248 247 246 246 250 246 237 206 97 95 86 78 76 71 68 61 48 43 39 38 60 54 23 24 19 39 56 43 28 26 28 28 33 63 84 134 158 173 205 210 200 167 101 57 39 41 46 61 25 29 29 28 47 86 125 95 102 122 145 170 188 191 202 217 213 198 254 252 255 253 255 255 255 255 255 255 255 253 255 255 255 255 255 255 
247 247 250 246 248 249 245 247 248 246 246 248 249 246 237 202 127 89 89 79 81 73 67 61 55 56 49 40 49 50 26 26 29 42 42 37 37 37 38 34 49 67 93 138 159 176 203 207 201 180 143 91 47 41 46 47 47 25 30 32 62 104 145 148 146 146 175 181 192 201 204 214 217 198 250 253 254 255 255 253 253 255 255 253 255 255 255 255 255 255 255 255 
247 244 246 249 247 247 246 246 246 244 247 248 247 246 236 174 115 96 87 87 83 78 71 70 62 54 52 46 49 45 39 37 38 39 39 39 39 41 40 45 63 83 95 140 159 175 203 207 208 195 185 163 103 68 64 67 71 71 78 84 94 102 122 133 143 167 175 180 196 199 207 217 217 198 250 253 254 254 253 253 255 255 255 255 255 255 255 255 255 255 255 255 
248 245 246 246 247 247 246 246 245 243 246 246 248 248 234 167 129 94 91 91 92 87 84 78 71 67 63 56 54 55 47 44 42 43 43 46 49 43 57 54 69 84 94 140 158 173 199 205 209 201 191 180 123 108 92 78 74 75 76 78 91 93 123 135 148 171 182 186 201 206 210 216 217 196 246 253 254 254 255 255 255 255 255 255 255 255 255 255 255 255 255 255 
246 247 246 246 247 245 246 246 245 243 246 247 248 247 199 142 117 98 97 92 92 94 91 89 87 75 81 79 78 76 70 64 64 62 60 59 58 65 64 67 77 84 93 137 157 172 197 206 207 202 202 194 184 171 141 129 130 129 127 128 139 147 171 177 183 189 194 198 206 210 212 216 218 202 210 253 254 255 255 255 255 253 255 253 255 253 255 255 253 253 253 255 
245 245 247 246 246 245 246 246 245 244 244 247 248 248 206 127 121 99 94 91 92 93 93 93 89 89 90 85 82 80 77 74 73 67 64 63 73 68 65 71 77 83 92 139 157 172 197 206 206 204 198 196 190 186 176 158 141 141 141 149 160 169 181 186 191 203 203 206 210 211 212 218 217 203 204 253 254 255 253 253 253 253 253 253 255 253 253 253 253 252 253 253 
246 244 243 246 246 247 245 246 245 243 244 247 249 246 202 125 120 102 93 93 93 95 96 101 107 102 102 109 113 110 100 100 96 87 79 79 76 75 73 71 82 89 95 127 150 166 197 207 209 207 204 197 201 205 204 205 197 187 173 159 162 165 174 179 183 195 207 207 207 208 211 218 218 206 196 254 254 254 253 252 253 253 255 253 255 253 253 253 253 253 253 253 
243 244 246 246 245 246 246 246 245 244 245 246 247 247 183 100 115 102 94 90 89 90 97 101 109 111 109 119 121 122 117 110 106 97 88 86 78 77 75 70 84 89 95 121 148 164 200 212 207 206 205 199 199 205 208 207 206 204 197 176 171 167 171 177 179 196 204 205 202 204 210 217 218 205 196 253 254 254 253 250 253 250 253 253 253 253 253 253 253 253 253 253 
246 244 246 245 245 247 247 246 246 245 245 247 249 248 223 105 121 103 95 93 89 89 92 100 124 122 125 125 129 130 128 122 108 93 89 87 83 73 69 68 82 88 96 118 142 165 195 217 211 207 208 203 193 200 204 209 207 207 208 199 195 191 185 180 181 182 185 190 195 200 203 216 219 206 198 252 253 254 253 253 253 253 253 253 253 253 253 253 255 253 255 253 
245 244 246 243 246 246 246 245 245 243 246 245 250 245 235 99 117 97 93 93 91 92 97 99 120 122 127 128 133 133 125 118 110 93 88 85 77 71 70 69 81 81 88 114 137 163 191 218 214 207 205 198 189 190 198 201 207 206 208 203 202 197 199 192 190 184 188 187 199 202 205 215 218 205 203 253 254 254 255 255 253 252 253 253 253 253 253 253 253 255 253 253 
245 243 243 245 247 246 246 246 245 244 245 246 249 248 225 101 122 97 99 89 93 95 98 108 118 124 129 132 134 133 120 115 104 88 88 83 71 63 74 75 78 82 79 109 134 156 189 219 218 211 205 196 186 186 187 194 203 202 206 202 204 199 198 199 197 196 194 195 200 202 207 217 218 204 214 253 254 254 255 253 253 253 253 253 255 255 253 253 253 253 253 253 
241 241 244 243 246 245 245 245 244 244 245 246 250 247 222 99 118 99 94 92 96 91 97 102 115 122 125 131 131 128 118 111 108 88 86 83 77 92 99 92 86 85 92 104 126 151 182 210 217 211 211 199 201 201 201 175 189 192 197 197 199 197 200 201 203 200 199 199 202 205 205 216 216 199 216 253 254 254 255 253 255 255 255 255 255 255 253 255 255 253 253 253 
240 242 244 245 244 243 243 244 243 242 247 245 250 245 210 92 114 95 93 92 95 95 94 98 113 119 124 126 127 127 116 110 104 89 86 81 85 98 100 92 86 87 92 108 117 146 176 196 210 211 212 202 202 201 210 192 185 188 188 194 199 198 203 203 203 199 200 200 201 204 206 215 217 194 224 254 254 255 253 255 255 255 255 255 255 255 255 255 255 253 253 253 
240 240 243 243 243 242 242 244 243 244 246 247 249 245 224 91 87 97 94 95 92 97 95 94 109 114 119 123 122 120 112 108 100 86 85 78 92 90 91 82 80 81 81 100 113 133 166 172 182 200 201 198 180 174 181 191 167 171 182 183 190 193 197 198 199 200 201 203 204 207 207 215 214 188 239 254 255 255 253 255 253 255 253 255 253 255 255 255 255 253 253 253 
240 241 241 241 243 244 242 245 246 242 246 246 249 244 224 110 98 99 94 92 94 97 97 97 106 112 117 119 118 115 108 105 95 88 83 79 78 79 78 75 81 78 79 91 99 119 156 163 169 191 197 179 121 126 160 185 166 169 175 182 187 191 197 197 197 199 201 203 205 206 208 215 209 188 239 253 255 253 255 255 255 255 255 255 255 255 255 255 255 255 253 253 
240 241 240 241 244 243 245 243 243 241 242 242 245 244 238 142 95 103 92 91 90 95 95 93 104 107 103 115 107 98 100 94 89 85 84 82 64 54 45 44 24 34 60 80 79 87 120 138 146 154 112 61 57 92 166 198 175 170 173 180 187 185 186 188 191 200 198 203 205 208 207 211 192 203 249 254 255 255 255 255 253 253 255 253 255 255 255 255 255 253 253 253 
240 240 242 241 242 243 244 244 243 240 242 242 246 245 236 169 88 100 98 92 88 95 93 92 103 95 99 108 105 100 95 94 92 84 84 79 59 50 48 53 46 46 46 75 83 83 107 117 130 128 108 95 99 153 194 206 195 173 176 179 188 185 186 187 190 198 200 200 205 207 207 212 184 209 253 253 255 253 253 253 255 253 255 253 255 255 255 255 255 255 253 253 
241 239 241 241 241 243 242 243 243 240 243 244 247 245 246 205 98 92 94 88 90 91 88 88 92 91 92 94 99 96 85 88 90 86 85 79 66 60 55 43 45 51 54 46 55 78 93 116 141 154 151 146 185 199 204 208 207 197 184 174 181 182 187 187 188 191 196 195 204 204 206 203 185 230 254 254 255 255 253 253 253 253 255 253 255 255 255 255 255 255 255 255 
240 239 241 241 241 242 242 243 243 241 243 245 245 244 245 228 101 98 95 92 88 91 92 90 87 90 87 91 92 88 88 83 88 86 86 82 71 69 63 54 50 52 53 61 58 57 95 126 152 159 167 173 191 200 203 205 205 201 194 175 182 183 185 185 186 191 194 196 202 204 205 193 190 245 255 255 255 255 254 254 253 253 255 253 255 255 255 255 255 255 253 253 
240 238 241 239 241 242 242 242 244 243 242 242 246 246 247 235 146 92 91 89 88 91 89 87 87 88 87 90 90 88 79 82 85 82 81 77 69 64 58 57 51 39 40 67 67 60 82 114 143 160 178 185 192 198 203 205 205 199 196 181 184 184 185 185 186 189 192 196 201 202 205 182 189 249 255 255 255 255 254 254 255 253 255 255 255 255 255 255 255 255 253 253 
239 238 239 241 240 241 241 243 244 244 243 243 245 246 244 242 184 82 92 81 76 83 85 82 83 82 85 83 85 82 72 72 66 62 62 53 49 45 42 27 24 26 36 76 95 80 56 81 104 103 101 127 156 174 178 182 186 194 186 182 186 181 183 184 185 188 189 191 198 202 197 173 226 253 253 255 255 255 255 255 255 255 255 255 255 255 255 255 255 255 255 255 
238 238 239 238 241 241 242 243 242 243 242 243 246 245 244 243 221 79 94 85 80 89 82 83 85 85 84 81 79 77 58 57 49 45 37 36 38 35 29 26 23 29 44 101 111 78 51 77 101 89 102 81 117 117 141 155 148 171 170 165 182 185 183 182 182 188 188 189 194 197 194 180 244 253 253 255 253 255 255 255 255 255 255 255 255 255 255 255 253 253 253 253 
238 237 240 238 240 240 241 241 243 243 245 243 246 244 243 242 249 71 70 91 82 79 84 82 79 79 81 77 69 54 37 38 33 30 32 26 39 36 33 31 31 43 87 154 134 92 64 88 118 89 91 90 96 107 102 98 88 93 88 120 157 169 185 181 181 182 186 187 187 185 178 222 254 253 255 254 254 254 255 255 255 255 255 255 255 255 255 255 255 255 253 255 
236 237 240 240 240 242 241 242 242 243 243 244 245 246 243 245 248 77 68 86 79 81 74 80 79 83 79 78 66 45 34 35 37 32 27 31 44 39 36 38 65 80 120 161 147 120 111 115 145 98 109 112 90 103 100 85 79 72 89 95 120 153 183 183 182 183 182 184 182 183 169 242 253 254 255 254 255 255 253 253 255 255 255 255 255 255 255 255 255 255 255 255 
238 237 239 238 241 240 242 241 242 241 243 243 245 244 245 244 248 170 75 74 95 77 75 77 71 82 79 62 40 31 33 35 42 32 39 38 59 59 62 54 57 62 55 100 124 155 139 126 118 99 131 150 140 145 117 82 62 67 66 77 90 116 186 183 181 180 179 176 171 173 149 253 254 253 255 253 255 253 253 255 255 255 255 255 255 255 255 255 255 253 253 255 
236 235 238 237 241 240 241 240 242 241 244 243 247 245 246 245 249 207 104 68 81 75 75 77 80 82 81 61 43 38 49 47 45 47 53 56 65 58 57 47 50 57 52 62 72 114 106 85 93 86 81 106 146 153 138 110 73 67 64 86 107 108 159 182 181 183 177 171 167 158 177 254 253 255 255 254 255 255 255 255 255 255 255 255 255 255 255 255 255 253 255 253 
235 237 238 236 239 239 241 240 243 240 244 243 246 245 243 244 249 247 170 74 67 84 84 73 77 80 79 58 59 53 47 45 39 28 30 32 34 32 32 32 31 43 40 46 62 68 103 63 67 57 58 60 63 64 91 89 54 50 64 102 102 127 166 176 176 174 166 157 146 163 234 254 255 253 255 252 255 253 253 254 253 253 253 253 255 253 253 253 253 252 255 253 
234 237 237 237 239 240 240 242 240 241 240 241 245 244 243 245 250 246 239 105 61 81 89 72 77 76 82 66 58 55 54 47 41 42 41 45 50 48 46 41 39 35 27 33 41 46 77 64 70 89 89 89 66 63 58 39 35 44 59 108 113 121 172 178 177 161 158 153 135 197 251 254 254 253 253 253 252 253 253 254 253 253 255 253 255 253 253 253 253 253 253 253 
234 228 222 226 228 233 236 239 239 239 240 242 244 243 244 244 243 243 248 186 97 63 72 75 75 76 75 73 67 62 59 57 55 56 53 48 54 63 63 73 93 118 106 112 125 136 135 143 163 168 169 163 144 146 155 138 98 70 71 107 122 137 175 174 172 162 157 140 193 248 254 254 254 253 253 252 254 253 253 252 253 253 253 253 255 253 253 255 255 253 255 253 
234 235 236 236 235 235 237 232 229 231 230 232 234 237 239 241 240 243 244 223 117 54 56 76 68 74 70 69 64 62 60 61 57 54 61 54 57 55 58 61 93 116 118 124 125 131 141 134 169 154 149 148 145 149 153 150 128 105 99 108 123 137 172 172 167 157 144 121 233 252 254 254 254 254 253 252 253 255 253 253 253 253 255 253 253 253 253 253 253 255 253 253 
235 232 236 234 239 238 239 238 239 238 240 241 244 243 243 240 243 240 240 235 145 55 46 62 72 69 69 72 65 59 64 60 62 65 60 57 64 58 59 56 84 87 103 124 114 120 137 130 137 149 138 134 147 152 153 149 145 132 111 107 120 133 161 165 161 147 119 109 247 254 254 253 254 253 253 253 254 254 253 253 253 253 255 255 255 255 253 255 255 253 255 255 
232 234 234 234 234 236 238 238 237 238 238 237 242 242 241 242 244 244 247 244 239 68 50 46 46 57 58 59 51 53 50 54 58 69 66 59 61 59 66 57 65 68 67 89 90 95 99 104 113 115 124 128 141 145 147 149 143 131 123 114 117 118 147 151 143 108 101 142 252 254 253 255 254 254 255 253 253 254 255 253 252 253 253 253 255 253 253 253 253 253 255 253 
233 233 235 234 236 236 238 238 237 237 240 238 243 244 244 244 245 245 245 246 244 92 46 46 42 50 43 54 47 44 43 49 59 68 67 60 63 55 53 51 58 60 60 81 88 87 89 93 105 103 109 116 135 136 142 143 134 115 108 109 116 122 144 141 132 102 154 215 254 254 255 255 255 254 255 255 254 254 253 253 253 253 255 253 255 253 253 255 255 255 255 255 
232 232 236 234 237 236 236 237 238 239 239 239 243 242 243 244 243 242 247 245 244 228 58 44 38 35 32 39 43 36 34 40 47 54 57 54 58 53 48 38 25 23 26 29 34 38 29 43 43 62 65 75 107 111 116 112 105 88 81 76 85 100 113 102 89 133 229 250 254 254 253 253 255 255 255 255 254 254 255 255 253 253 255 253 255 255 255 255 255 255 255 255 
231 231 235 234 236 237 236 237 238 238 240 240 244 243 244 244 242 242 244 246 247 223 81 43 41 35 35 32 34 32 30 34 39 47 50 55 56 57 51 34 30 27 27 29 37 42 44 45 51 63 74 79 101 106 100 103 86 69 67 61 75 80 91 86 86 194 236 246 254 254 254 253 255 254 253 254 255 255 255 255 255 253 253 253 255 253 255 255 255 255 255 255 
229 230 234 231 235 235 237 239 239 238 239 238 242 240 242 242 239 240 245 218 90 88 83 56 38 38 37 31 33 28 28 29 29 34 46 47 54 48 52 43 51 53 45 51 59 68 87 95 90 90 91 90 97 81 79 68 50 51 47 58 63 63 53 72 100 254 253 253 254 254 254 253 255 253 253 252 255 253 253 253 253 253 253 250 255 253 253 253 253 253 255 253 
228 229 233 232 238 236 235 235 239 238 240 240 242 243 243 243 247 230 201 131 76 98 88 68 39 37 38 33 31 28 25 27 28 37 42 49 53 51 56 54 53 61 58 62 77 87 111 112 112 109 105 96 96 81 67 59 44 48 50 48 54 56 58 101 152 219 253 253 253 253 254 254 254 253 253 254 255 255 250 251 252 253 255 253 253 253 253 253 255 255 253 253 
229 230 232 231 236 235 235 237 236 236 239 237 241 207 88 94 131 111 108 74 45 87 76 75 48 43 30 38 32 30 23 27 27 33 39 42 53 53 47 54 58 47 54 71 84 78 106 124 128 141 137 119 89 63 49 49 43 43 44 44 59 57 108 147 182 45 186 222 206 222 234 253 254 249 254 253 253 252 254 252 253 252 253 253 253 253 255 253 253 253 255 253 
229 230 231 232 233 235 234 236 235 238 236 189 158 125 70 107 127 108 98 56 55 81 79 72 55 54 32 29 34 28 25 25 29 35 35 37 43 44 45 49 55 53 55 71 85 72 100 109 123 134 129 113 89 60 50 56 42 36 36 45 51 85 154 174 186 136 75 196 199 212 217 247 252 253 252 254 253 255 251 254 253 253 255 253 255 253 254 254 255 255 255 255 
229 231 232 232 233 233 232 233 233 237 199 112 112 126 88 118 113 107 82 48 55 73 77 71 62 57 52 33 32 31 26 27 25 31 35 35 37 36 44 46 56 54 56 72 76 72 95 100 121 123 108 96 82 72 58 49 42 45 38 44 53 113 172 183 185 183 98 135 207 200 220 231 226 235 252 253 254 254 254 252 254 254 253 253 255 253 254 254 255 253 255 255 
229 229 225 224 214 180 170 157 153 147 138 122 119 103 108 112 96 99 62 46 57 74 71 65 68 62 59 41 30 30 26 27 30 30 36 32 37 38 42 45 44 52 57 50 52 58 78 85 96 90 87 75 58 58 54 54 49 35 35 83 133 167 178 182 184 169 191 136 200 212 196 172 198 223 229 216 251 254 252 255 253 253 253 254 255 255 254 253 255 253 255 255 
195 181 156 150 151 149 143 143 139 137 128 116 113 74 118 98 96 88 51 50 60 78 73 70 68 66 64 55 47 35 26 29 31 32 30 31 38 40 38 43 42 59 49 43 50 48 75 79 90 79 75 67 53 39 37 44 37 46 40 114 162 168 180 180 183 173 183 169 183 214 198 218 107 232 219 219 225 238 253 251 253 253 254 253 254 254 254 254 254 252 252 253 
147 145 138 140 134 135 133 133 125 124 106 108 100 69 101 94 92 80 39 53 49 70 73 74 63 66 65 60 54 53 41 30 26 28 35 30 32 36 30 39 36 44 32 29 36 44 45 47 52 56 45 43 43 38 52 36 39 62 93 162 173 175 178 180 181 163 185 176 109 185 211 210 210 95 225 225 211 210 217 221 219 215 218 216 220 222 222 232 235 236 238 238 
136 136 135 136 136 133 128 127 120 108 119 110 77 75 98 92 92 76 51 56 54 62 69 62 69 69 69 55 60 52 51 40 26 25 26 23 30 29 32 31 27 31 32 28 31 29 41 35 45 34 45 36 37 36 35 46 56 90 141 169 171 177 176 178 178 168 181 178 77 171 206 198 218 152 175 227 217 200 225 218 217 215 212 213 211 211 211 209 209 210 209 208 
138 135 132 136 138 134 132 131 110 114 112 92 61 107 97 93 92 59 53 63 60 63 63 69 63 63 58 62 57 65 53 51 49 32 27 22 32 29 24 25 24 23 24 26 25 28 31 32 32 32 32 30 27 28 39 76 135 154 156 166 170 171 176 176 165 177 183 183 102 133 184 202 203 212 142 215 224 207 212 220 219 214 212 213 211 210 207 205 200 200 202 202 
135 134 135 132 134 130 133 124 109 110 109 70 63 112 98 95 93 55 61 62 58 67 65 61 66 61 63 58 61 63 56 56 47 41 29 28 29 30 26 27 23 22 21 23 23 22 25 32 27 42 27 33 41 49 74 120 153 159 162 166 169 172 177 175 151 178 181 185 124 119 184 207 194 212 203 222 214 215 199 219 219 215 210 213 211 209 206 202 201 200 200 198 
131 128 131 133 131 129 120 111 106 108 106 53 99 103 95 92 91 56 60 70 69 68 62 60 64 65 59 69 55 56 56 58 54 49 50 47 39 35 30 25 28 28 25 27 31 32 29 34 32 35 49 55 101 125 139 147 161 161 166 166 170 172 172 160 138 183 183 186 161 96 170 210 189 198 209 151 220 214 204 203 217 215 217 212 214 209 208 202 202 197 197 194 
127 127 131 131 131 129 120 102 106 102 106 56 105 104 92 94 92 53 67 73 70 72 73 67 64 69 62 64 67 59 55 57 54 55 53 54 49 41 38 36 38 35 32 39 38 43 52 52 67 86 95 112 134 145 150 153 160 164 164 167 171 171 169 154 140 185 186 188 173 104 166 210 198 192 208 111 221 207 207 203 209 217 216 215 213 213 208 202 200 198 196 193 
127 130 126 126 129 125 109 102 106 100 108 71 111 98 98 100 98 50 68 73 73 67 68 68 65 63 68 60 61 59 58 58 53 56 57 54 51 49 48 46 47 49 40 49 52 50 60 64 80 110 124 132 143 151 153 157 161 162 165 167 171 171 170 150 145 185 188 192 186 111 156 208 204 192 205 116 189 206 212 205 204 216 219 213 215 213 211 202 202 198 197 196 
125 121 117 116 120 116 99 103 102 95 103 78 108 98 97 93 85 74 67 76 81 66 70 76 68 68 63 67 62 65 58 64 66 54 58 60 57 53 52 58 55 59 55 56 65 71 92 97 112 131 142 147 157 157 159 160 165 167 171 169 175 176 170 138 169 192 198 198 195 121 147 209 207 178 200 169 123 216 214 206 204 214 220 217 217 212 209 205 202 201 199 196 
127 122 123 116 124 97 100 101 106 110 94 96 103 103 98 93 94 67 82 87 77 70 76 78 73 75 65 63 69 61 60 62 52 61 62 61 58 62 54 59 58 63 60 69 73 82 103 114 122 139 144 150 154 159 161 164 168 168 171 177 179 177 162 143 181 194 200 199 194 129 145 206 209 183 197 188 114 197 201 207 202 208 217 216 215 212 211 205 205 202 198 196 
127 125 124 119 112 106 103 105 105 115 74 96 98 98 86 90 83 78 79 93 85 63 82 71 71 72 66 69 63 64 66 64 69 73 65 66 70 69 64 63 70 74 86 94 103 111 124 138 136 152 157 160 165 167 166 166 177 178 182 178 183 180 149 155 188 195 200 203 196 127 129 204 207 180 190 203 114 123 187 209 199 195 212 219 219 214 213 207 203 201 197 196 