
173 172 174 188 176 136 139 133 132 134 249 248 246 250 245 243 243 243 246 244 246 243 245 244 245 245 245 244 245 244 245 245 243 242 244 243 244 243 243 242 243 245 242 243 243 246 246 247 247 247 246 248 248 246 247 249 248 248 249 249 250 248 249 250 248 250 250 250 251 249 252 253 253 253 253 252 253 252 252 252 252 251 251 252 251 252 253 253 253 253 254 254 
171 169 183 155 148 141 136 125 131 81 131 250 248 245 243 244 243 246 245 244 245 244 245 244 242 242 243 244 243 244 243 243 242 243 244 243 245 245 242 242 243 243 244 241 243 243 246 244 247 246 247 245 247 246 249 247 247 248 249 249 250 251 250 250 249 249 250 251 250 250 251 253 252 253 253 253 252 253 251 252 252 252 251 252 252 254 253 254 253 253 253 254 
173 166 190 138 152 162 139 128 102 78 97 248 249 246 245 243 246 243 245 243 245 244 244 243 244 245 245 244 243 244 244 245 244 242 245 241 244 242 244 243 242 242 243 242 244 246 244 248 248 245 245 245 245 247 246 247 247 248 249 250 251 250 250 249 250 251 251 251 251 252 252 253 251 251 253 252 253 253 251 252 253 253 252 252 254 254 254 254 255 253 255 253 
172 168 147 149 154 151 159 131 249 76 80 252 246 247 245 248 242 244 243 242 244 244 243 245 244 245 246 245 244 244 245 245 244 243 243 243 243 242 244 243 241 244 242 244 245 247 242 245 244 246 246 246 247 247 248 246 245 247 248 248 250 250 250 250 250 251 249 251 252 252 251 253 252 252 253 253 253 253 252 252 252 253 252 252 254 254 254 254 253 255 254 253 
168 170 148 147 153 151 151 132 249 164 78 181 251 251 246 242 243 243 244 243 242 242 244 245 245 245 246 246 245 245 245 244 244 243 245 243 243 242 243 244 242 240 244 243 246 248 245 245 246 246 246 249 247 247 246 245 248 246 247 249 251 251 250 248 250 250 251 250 250 251 251 252 253 252 253 252 253 253 252 252 253 251 251 252 254 254 253 254 255 254 254 254 
177 174 152 154 155 159 154 150 248 248 80 99 250 245 243 247 242 243 243 241 243 241 243 243 243 241 242 245 245 243 244 245 246 244 244 242 243 241 243 243 243 241 244 242 245 244 244 246 244 246 242 245 247 247 247 245 247 246 247 244 250 250 251 249 250 250 250 250 252 250 252 252 252 252 253 251 253 253 252 251 252 252 252 252 253 254 253 254 253 254 254 253 
158 172 151 140 150 149 158 86 178 252 230 76 94 221 246 244 243 240 244 241 241 244 242 242 243 242 242 241 243 244 242 243 245 243 243 241 240 243 241 237 243 244 241 243 243 244 224 200 236 231 236 237 247 245 246 247 247 245 249 247 249 248 248 251 250 251 251 250 251 249 251 252 251 252 252 252 253 253 253 252 252 251 253 251 253 253 253 254 253 254 253 254 
173 164 149 142 154 150 143 52 60 55 75 68 75 155 247 243 243 243 241 240 242 243 244 242 241 242 242 242 243 243 242 242 242 240 244 214 209 233 245 234 229 242 243 239 237 244 75 57 79 116 131 214 232 240 235 228 246 247 246 249 249 249 249 250 250 250 251 250 251 251 252 252 252 251 252 251 253 253 253 253 252 251 252 250 253 252 253 254 253 254 254 254 
163 153 142 148 151 150 77 65 144 250 250 66 55 71 107 234 241 239 239 238 241 241 242 241 243 244 245 243 245 238 246 220 115 77 82 61 68 76 80 122 101 121 165 91 92 91 75 42 45 71 68 84 80 72 72 77 106 124 144 244 245 241 251 248 246 249 251 251 251 250 251 251 251 252 252 253 251 252 253 253 251 252 252 251 253 253 253 254 253 253 253 255 
139 141 141 150 144 175 79 77 172 248 251 53 45 60 100 235 238 239 235 237 238 242 239 242 241 241 245 239 243 242 158 46 41 71 63 47 76 85 73 81 98 97 76 79 76 76 79 55 69 79 88 89 76 78 63 80 108 89 97 137 173 174 204 251 239 245 251 247 252 251 252 250 251 252 251 252 251 253 253 253 251 252 252 250 253 252 254 254 254 253 253 253 
131 119 177 150 144 238 206 180 244 243 243 160 83 78 108 244 238 234 236 237 239 238 240 240 233 228 232 208 217 106 58 56 72 66 52 71 85 73 59 79 50 57 51 53 74 63 38 50 50 58 60 63 68 60 66 60 70 91 81 92 135 107 97 87 138 174 147 217 247 250 251 251 250 250 251 250 253 252 253 253 253 252 253 252 252 252 252 253 254 254 253 253 
131 109 131 157 173 237 236 212 229 244 241 236 235 175 175 239 233 235 234 237 238 239 237 232 228 203 193 168 135 76 77 121 75 54 50 55 66 63 80 57 48 47 45 45 53 40 41 44 44 56 55 53 71 72 77 73 45 72 63 99 153 86 72 60 84 127 164 102 243 252 251 251 249 250 250 250 252 252 253 253 252 253 251 252 252 252 252 252 253 254 253 253 
117 106 121 158 242 248 238 237 196 193 196 187 196 199 227 232 232 233 236 234 238 236 229 178 60 63 62 66 49 64 67 63 78 41 52 45 54 44 49 34 42 40 37 43 34 31 28 30 34 32 34 39 71 72 90 71 72 51 70 87 79 73 106 102 122 63 63 73 196 242 251 251 251 251 252 250 252 252 253 252 253 253 253 252 252 252 253 252 254 254 254 254 
107 124 123 217 246 245 242 238 195 186 191 189 194 218 228 231 229 232 233 234 235 218 200 84 51 48 64 46 72 42 61 47 44 38 47 42 39 43 44 48 36 32 31 38 31 24 27 28 34 31 37 44 56 71 89 59 72 60 62 72 71 71 97 101 94 77 51 67 100 218 249 250 250 251 250 249 252 252 253 253 253 252 252 252 252 251 252 252 253 252 254 253 
109 128 138 245 242 246 240 241 200 186 191 209 229 224 226 230 231 231 232 232 232 207 115 96 55 53 73 49 58 50 39 41 38 42 59 43 36 39 47 46 37 27 44 39 25 28 27 29 32 37 36 29 39 65 68 52 73 52 48 64 93 95 83 120 77 87 62 84 128 94 212 251 251 250 251 251 252 251 253 253 252 252 253 251 253 251 253 252 252 252 252 253 
123 126 222 245 243 246 243 243 235 234 232 231 229 229 228 230 229 229 233 170 88 51 76 55 52 47 50 50 47 36 35 48 45 43 42 25 33 31 34 28 32 49 28 23 24 22 26 26 26 33 39 31 44 45 41 54 39 43 40 43 48 67 59 75 121 70 52 79 98 84 83 141 232 251 251 251 250 252 252 252 253 253 252 252 252 252 252 252 253 252 252 250 
123 124 241 244 247 244 245 244 240 235 233 231 230 229 230 229 233 230 230 108 55 49 63 44 37 44 54 40 42 32 32 37 36 43 45 28 36 29 30 27 28 46 34 24 27 25 23 24 30 22 26 29 26 35 42 38 27 31 38 44 53 32 74 73 92 105 44 53 115 49 59 121 137 252 251 252 252 251 252 253 252 253 252 251 252 252 252 253 252 252 252 252 
117 136 244 247 247 248 244 245 238 237 233 232 232 233 230 226 231 214 131 82 59 41 53 40 42 41 36 36 42 38 25 36 36 28 32 22 27 29 27 24 25 24 22 20 24 23 19 19 17 27 27 36 26 27 34 30 47 33 35 28 40 53 54 73 40 48 80 88 66 40 73 97 84 94 247 246 251 252 248 250 251 253 253 251 253 251 252 253 252 252 252 252 
122 139 243 247 247 247 245 246 238 237 234 233 234 233 233 227 227 173 82 60 52 47 38 65 42 38 31 42 37 26 32 29 29 28 21 21 27 21 28 32 23 26 24 20 29 21 19 19 20 26 27 29 25 30 30 29 30 43 34 25 35 62 74 50 52 70 67 84 95 90 92 79 79 72 134 249 252 249 251 252 251 252 253 253 253 251 253 252 252 252 252 252 
133 158 246 249 249 246 246 244 239 235 236 232 235 232 223 220 139 82 57 52 50 42 34 38 26 28 24 24 28 27 29 24 23 27 22 21 23 26 22 20 15 22 24 18 22 19 18 21 20 21 24 28 27 26 27 27 34 36 38 48 52 50 39 31 32 54 66 40 107 90 72 68 48 51 77 101 166 178 242 246 249 252 252 252 253 252 252 252 252 251 252 251 
137 182 248 249 248 245 246 245 239 236 236 233 235 232 228 182 131 47 46 46 51 50 39 29 24 23 23 22 29 29 25 21 23 22 23 21 24 23 20 19 19 22 24 15 21 16 17 22 20 21 23 25 21 26 29 29 30 29 31 42 44 33 29 40 36 32 35 70 55 67 65 58 49 60 89 80 133 192 227 229 243 252 253 252 253 253 252 252 253 252 253 253 
140 233 248 247 249 245 248 241 240 237 237 234 235 233 223 213 134 64 36 39 40 36 43 27 28 20 21 35 21 24 19 20 18 16 17 27 22 21 15 18 15 14 17 18 20 18 20 17 18 20 25 26 21 22 21 22 35 49 45 29 32 28 36 37 33 32 39 32 62 83 60 41 38 51 70 85 97 116 130 153 223 251 252 252 253 253 251 252 252 252 252 252 
177 239 248 249 247 246 245 242 238 237 239 232 230 233 173 130 101 43 38 40 33 30 44 31 23 18 19 23 21 21 22 16 17 15 21 22 20 19 18 19 15 14 16 16 17 18 21 17 23 22 25 24 29 26 29 29 42 25 28 29 29 31 40 36 50 58 76 89 72 32 45 35 50 43 73 51 114 120 126 125 189 251 251 252 253 253 252 252 252 252 253 253 
130 244 249 245 248 246 245 241 239 236 236 227 221 177 164 99 44 40 39 34 36 41 34 29 19 24 22 29 19 15 20 14 15 18 19 18 18 18 18 16 17 15 17 15 20 19 20 20 23 24 25 23 28 28 34 34 18 27 28 29 48 48 36 32 42 52 58 67 69 42 58 32 75 62 61 70 107 116 75 109 133 250 251 250 252 253 252 252 252 252 253 253 
171 244 247 245 247 247 243 239 234 236 237 220 106 163 80 59 44 34 27 27 32 23 23 23 17 19 19 21 18 18 19 19 23 19 20 22 17 17 20 14 21 19 18 19 20 19 24 23 29 27 31 26 25 24 23 22 20 20 41 27 29 32 34 58 54 44 49 69 83 75 85 100 91 38 40 78 126 111 81 67 103 251 251 252 252 253 252 252 252 252 253 253 
223 246 245 245 248 247 242 237 234 237 235 218 81 64 56 48 30 30 28 25 24 21 21 19 18 17 19 17 17 17 19 15 17 18 15 16 20 18 19 20 17 15 21 18 22 26 24 34 33 30 36 34 28 22 20 31 31 44 30 27 29 31 34 36 37 60 55 77 92 56 81 98 58 44 36 109 104 123 75 60 94 251 251 252 252 253 252 252 252 252 253 253 
243 246 246 246 246 243 240 237 237 233 231 161 175 152 32 32 26 22 22 27 24 21 22 19 16 17 19 19 20 18 18 20 18 24 24 21 27 28 27 27 26 26 28 30 33 25 43 44 49 51 45 43 33 34 40 40 42 43 43 35 44 61 43 40 39 49 48 55 59 40 56 72 40 43 63 55 77 83 61 85 87 250 251 252 252 253 251 252 252 252 253 252 
243 245 247 248 247 243 240 238 239 234 226 195 203 132 31 30 27 19 21 23 22 21 21 18 14 17 20 19 19 21 25 24 25 30 30 29 37 37 37 33 39 37 38 32 37 42 42 52 59 54 56 54 47 40 53 61 58 56 56 50 51 62 43 46 48 55 37 55 63 40 45 51 30 64 52 58 53 69 59 57 112 251 249 251 252 253 251 251 252 252 253 252 
246 247 245 248 249 239 238 238 237 232 231 220 160 51 29 25 24 19 22 19 19 17 17 13 18 16 20 25 30 33 34 47 49 50 55 57 65 58 64 65 63 63 59 63 60 53 64 77 77 76 66 62 69 66 76 90 118 102 93 80 62 73 71 59 50 47 48 54 47 91 71 75 74 71 36 58 56 57 72 85 186 250 251 251 252 252 251 253 252 252 253 253 
246 247 248 248 250 239 237 237 239 235 237 195 147 53 28 25 22 17 21 18 20 18 17 15 18 19 22 31 37 37 56 60 61 63 70 79 72 73 74 76 70 68 77 75 70 74 73 79 88 84 78 72 60 78 82 87 115 115 118 98 92 86 70 68 61 54 38 46 55 50 60 73 44 39 53 43 74 62 82 113 186 250 251 250 252 251 252 252 252 252 252 253 
246 246 247 247 245 239 236 237 237 229 227 145 67 40 29 23 23 21 21 14 18 18 17 19 24 28 35 42 54 65 73 83 86 90 91 90 90 91 92 89 87 87 93 99 103 105 99 97 102 94 90 89 88 82 88 93 99 102 102 108 108 108 102 95 84 70 70 52 51 82 74 43 55 71 58 68 79 69 99 113 228 251 251 251 252 250 250 252 253 252 252 252 
246 247 248 249 242 239 236 238 235 233 236 142 72 35 27 22 22 19 22 17 17 16 20 24 28 33 38 50 62 70 89 92 92 96 99 100 103 99 96 94 104 104 108 114 115 113 113 115 114 106 98 97 99 96 94 95 101 99 100 108 124 128 125 101 106 87 83 75 61 51 58 44 78 35 60 60 72 91 110 167 239 251 251 251 251 249 251 252 253 252 252 253 
246 247 248 245 242 238 237 237 235 236 234 177 42 33 26 18 21 18 19 20 15 24 24 34 43 48 56 64 76 82 92 96 102 100 109 113 114 112 111 111 118 119 122 122 123 124 122 123 124 128 128 132 127 127 133 132 127 130 148 163 167 178 154 153 143 100 107 101 70 59 61 64 40 41 39 47 50 68 85 178 249 250 250 251 251 250 250 252 252 252 252 252 
246 248 248 241 242 238 237 236 236 235 235 204 44 33 29 21 19 20 21 17 15 23 31 41 50 51 59 69 74 82 96 101 102 107 114 117 118 117 116 116 119 124 125 126 127 130 128 129 129 135 137 138 136 134 134 133 144 148 168 183 191 186 163 163 148 123 109 105 83 70 59 42 41 43 35 52 56 70 74 176 246 249 251 250 252 250 251 252 252 252 252 251 
246 247 248 241 241 235 236 237 234 233 237 171 52 33 24 21 21 17 18 16 17 29 36 45 53 58 59 67 77 80 92 98 103 107 112 116 121 117 117 115 122 124 128 130 134 134 131 134 131 135 136 136 139 140 135 140 153 159 173 189 196 191 171 165 158 143 126 113 101 86 79 68 58 46 37 64 69 76 95 167 232 249 250 250 252 252 251 251 253 252 252 252 
246 247 243 238 239 236 237 234 233 233 234 240 65 29 25 24 17 18 14 17 18 38 49 50 55 59 61 70 78 80 89 94 102 109 109 112 118 118 117 116 122 128 131 139 140 140 145 143 143 143 145 147 145 142 144 147 163 166 173 191 188 186 181 177 173 161 155 153 131 108 86 53 48 40 26 93 109 73 86 130 242 250 250 251 250 250 251 253 252 252 252 252 
246 246 241 236 236 236 235 234 232 229 233 237 88 34 25 20 21 16 18 17 20 45 50 58 60 63 66 72 76 78 91 97 104 109 110 113 119 118 119 120 125 129 135 139 141 142 146 147 146 147 150 148 146 150 150 149 162 164 170 177 187 186 184 178 176 171 160 162 156 123 115 59 46 53 34 68 104 86 86 101 250 248 250 250 250 250 252 253 253 252 252 252 
245 247 240 238 239 235 234 233 232 229 234 234 209 58 32 21 25 17 17 21 27 47 56 63 66 64 67 70 73 78 92 98 102 112 114 115 122 121 124 125 132 134 138 140 141 140 146 146 148 151 156 155 157 162 162 163 170 174 184 179 183 181 178 177 179 175 175 169 166 152 127 83 64 47 51 52 105 105 93 154 250 249 251 250 251 251 252 253 252 252 252 251 
245 246 241 237 238 235 233 234 232 231 232 236 230 111 40 26 23 22 20 21 28 53 59 63 62 62 64 71 77 79 95 101 108 112 117 118 124 124 124 128 132 137 140 144 141 140 144 144 148 150 155 155 160 160 162 167 180 182 182 185 193 188 181 178 178 173 172 173 173 160 133 93 74 60 53 57 95 95 109 209 250 251 251 249 252 250 252 253 253 252 253 253 
246 244 238 236 236 234 233 233 230 230 236 234 234 220 38 33 22 25 26 27 28 57 58 62 61 63 64 73 77 89 99 107 109 121 125 126 132 137 138 141 143 145 151 147 146 144 147 143 146 151 153 157 163 167 168 172 190 191 191 196 198 194 184 177 178 174 175 173 176 166 151 100 86 80 79 75 83 78 175 251 250 250 251 249 251 251 251 252 253 252 253 253 
247 244 236 236 237 235 233 233 230 229 233 235 234 232 31 25 20 23 26 27 35 55 57 61 61 63 65 72 76 89 107 109 115 121 126 125 134 137 138 144 148 149 152 151 144 143 148 149 145 153 154 157 166 167 173 178 189 188 195 197 196 193 184 180 177 174 177 174 174 168 156 114 102 79 75 64 76 84 211 252 251 251 250 251 251 252 251 252 253 252 253 253 
244 241 236 236 235 233 232 233 232 228 233 234 235 208 37 27 24 22 35 46 56 60 61 57 59 67 67 81 87 95 111 111 116 125 129 132 135 137 140 146 149 151 151 150 145 146 149 149 147 149 156 160 167 173 175 176 187 188 204 203 200 199 187 184 181 177 173 174 174 171 168 140 106 82 60 69 67 90 243 252 250 251 251 250 250 252 251 252 253 252 253 253 
245 238 237 234 236 234 234 232 230 234 232 233 234 225 29 28 26 27 39 52 57 61 58 57 63 67 72 85 92 96 111 115 116 122 125 132 134 138 140 141 148 150 150 148 147 148 147 148 148 150 155 159 171 170 174 174 187 186 194 206 204 202 194 190 189 182 180 174 174 172 173 156 127 89 73 65 78 90 249 251 251 250 251 251 252 250 252 252 253 253 253 253 
245 239 235 236 235 233 234 230 231 228 230 232 234 233 34 28 27 35 49 59 65 58 58 60 66 75 81 90 98 102 108 114 114 123 124 124 130 135 139 141 145 149 150 149 148 148 149 150 151 151 157 160 166 169 167 170 178 184 189 204 207 203 198 195 191 185 185 179 173 173 173 167 150 109 74 63 105 79 245 251 250 251 250 250 251 251 251 252 253 253 253 253 
242 237 236 236 234 234 232 231 231 233 230 231 234 230 42 32 30 51 62 60 61 65 62 70 83 89 88 85 90 98 98 100 109 110 115 119 121 122 126 129 139 137 143 146 149 144 143 146 148 152 154 154 156 154 158 159 168 164 167 184 183 186 196 188 183 179 178 175 185 179 177 173 172 154 125 61 100 114 251 251 251 250 251 250 252 251 252 252 252 252 253 253 
238 238 236 232 235 234 233 231 230 229 231 230 235 236 49 36 31 64 66 63 60 64 69 68 74 71 74 82 88 87 90 91 97 100 105 109 113 117 121 127 131 136 140 141 145 138 135 138 145 149 153 154 155 151 152 145 151 146 154 152 157 166 167 177 180 161 170 165 169 187 185 178 179 175 146 62 98 124 250 251 251 251 251 250 250 252 252 252 252 252 253 253 
240 237 236 233 235 232 233 231 231 233 233 232 234 238 221 51 40 76 71 61 63 43 41 38 43 48 45 39 38 43 48 44 54 57 72 74 85 103 83 92 116 127 134 140 136 130 125 128 133 135 141 143 137 135 128 135 132 119 109 108 110 111 92 86 86 93 94 96 109 118 137 183 186 180 171 75 97 236 251 251 248 250 250 250 251 249 251 253 252 252 253 253 
238 237 235 233 234 232 233 231 231 230 234 233 234 238 225 117 40 69 68 60 48 32 33 29 28 27 28 21 26 28 32 31 41 50 48 56 72 80 74 85 117 117 126 124 131 125 122 126 131 133 129 123 128 115 117 108 94 84 70 51 60 60 59 76 73 78 79 79 93 93 122 182 190 190 193 65 130 245 252 250 248 249 250 250 251 252 252 252 252 252 253 253 
238 235 234 234 234 233 231 229 231 232 232 231 231 232 228 222 72 69 59 33 31 28 23 21 21 21 19 18 19 22 22 24 22 27 27 29 38 37 54 66 84 111 106 110 116 114 120 125 126 110 99 93 64 60 51 50 46 44 29 25 25 23 26 33 37 51 51 64 77 69 82 106 143 186 194 92 243 246 249 251 250 250 250 249 250 250 252 252 252 249 253 252 
235 237 232 232 233 232 231 230 230 232 232 231 232 230 234 222 171 71 44 34 33 31 25 24 20 17 21 18 19 17 18 15 18 21 25 25 37 35 47 57 94 88 95 106 110 113 114 122 120 96 77 79 54 44 35 35 35 42 25 28 35 23 40 36 37 52 67 80 70 72 73 108 118 176 195 93 235 245 249 248 249 250 250 251 251 250 250 252 252 252 251 252 
235 233 235 233 232 231 229 229 231 229 230 231 232 231 227 215 192 72 56 47 43 38 36 38 32 29 34 27 26 26 23 22 20 17 22 24 25 31 34 44 64 73 78 90 109 112 118 118 116 74 67 58 48 48 41 34 28 30 32 40 50 59 76 83 105 107 117 102 109 104 95 140 161 171 192 109 226 244 251 250 249 250 250 251 251 251 249 251 251 251 252 250 
232 233 234 232 231 232 228 230 232 229 231 231 234 233 224 211 203 78 69 48 45 42 40 39 39 41 36 42 36 36 33 29 28 24 27 27 25 28 32 40 51 61 65 93 106 105 117 117 113 73 66 65 45 51 46 47 44 44 45 57 64 69 81 83 93 113 120 121 125 123 126 141 155 177 197 91 165 223 251 249 248 251 251 251 251 251 250 251 249 251 252 251 
235 231 234 231 231 230 229 231 232 232 231 230 233 233 232 207 192 78 67 54 54 47 43 45 44 40 42 41 42 44 40 39 37 29 29 26 30 28 38 38 50 55 67 83 89 113 122 117 116 77 68 66 52 53 53 45 48 49 50 62 79 83 95 95 103 114 125 132 139 134 132 151 159 181 192 102 159 152 250 251 249 248 251 250 252 251 251 251 251 250 251 250 
231 232 232 231 232 230 228 231 232 233 232 230 234 232 233 217 87 73 64 63 60 54 53 47 45 42 43 39 43 35 34 31 32 26 26 22 20 20 20 29 44 45 51 79 103 124 138 135 122 88 77 53 41 42 41 45 40 28 27 24 28 33 33 38 55 80 93 118 141 144 146 163 173 182 191 108 106 83 251 249 247 250 251 250 252 251 251 251 252 252 251 251 
232 232 232 232 230 229 230 232 231 231 232 230 233 234 233 220 83 74 70 61 57 56 53 45 38 30 28 27 26 32 33 27 29 23 17 14 14 15 17 20 38 47 54 98 117 130 167 146 135 93 59 37 31 34 26 23 29 32 34 55 72 97 145 131 115 73 68 68 114 127 134 164 171 182 189 130 92 77 249 250 248 248 250 251 250 250 251 251 251 251 251 251 
232 231 230 229 230 228 229 228 232 230 231 230 232 233 231 232 84 69 66 55 51 40 36 33 39 34 29 12 13 15 14 14 13 23 17 17 22 16 15 18 33 49 69 122 140 155 189 175 159 85 40 36 24 29 33 31 32 19 15 20 20 18 35 39 45 64 93 93 115 114 124 158 173 181 187 171 102 78 250 250 247 248 248 250 251 250 251 251 251 251 253 251 
234 232 230 228 230 229 229 229 232 232 231 228 232 233 230 225 79 72 62 53 49 38 35 27 20 17 15 20 14 17 30 12 12 32 28 17 16 18 19 17 31 54 84 126 140 160 190 182 167 105 39 43 31 25 22 32 54 20 25 28 10 30 72 109 118 29 43 65 88 127 146 164 177 186 187 191 95 89 250 249 246 248 249 247 251 251 251 251 251 250 252 251 
232 231 229 229 230 229 228 229 231 230 231 229 232 233 229 182 84 69 63 56 51 43 29 26 33 26 30 68 24 22 13 10 9 51 42 26 17 16 14 20 45 75 94 138 151 162 189 184 175 148 114 83 24 25 32 33 58 44 12 20 19 23 112 146 124 115 112 132 173 174 171 174 182 186 189 202 101 111 249 250 247 248 249 247 251 251 250 251 250 251 252 251 
232 230 228 227 231 230 230 231 229 230 229 229 232 233 223 157 84 69 59 55 54 48 47 40 36 32 29 42 54 27 11 14 32 33 26 22 23 25 24 24 56 74 94 139 149 160 184 182 176 160 136 102 51 44 38 45 35 37 33 14 20 50 109 134 139 112 129 136 165 167 168 177 183 187 189 202 108 149 250 247 245 247 248 247 249 249 250 250 251 248 252 249 
231 230 226 227 229 231 230 231 230 228 229 228 232 231 211 191 102 70 62 60 57 49 46 44 39 41 39 32 33 32 38 29 29 28 30 25 30 30 30 33 65 73 99 134 149 159 183 182 183 174 165 146 93 85 70 57 55 51 49 55 57 56 81 99 107 132 144 136 154 162 169 179 182 189 192 199 136 220 251 248 246 247 248 247 250 248 250 250 251 250 250 251 
232 229 228 227 229 230 230 231 231 231 231 230 232 232 212 210 99 68 66 62 62 56 55 46 42 39 37 35 35 35 33 29 30 29 32 34 33 29 37 46 64 75 102 137 148 159 181 183 182 176 166 159 131 99 89 79 62 55 57 54 57 68 82 92 98 115 139 153 168 171 175 184 187 191 190 199 155 194 250 247 247 247 247 246 250 247 250 250 250 250 252 250 
230 228 229 227 229 229 231 231 232 229 230 231 233 231 199 196 96 71 68 67 66 60 55 53 48 44 42 39 42 38 36 36 38 36 37 36 35 38 40 49 61 73 97 136 146 159 180 182 182 176 175 166 158 140 105 101 93 86 80 65 72 88 117 137 144 153 159 157 173 181 181 182 188 192 193 198 181 160 250 250 249 246 248 247 248 249 250 248 250 250 252 249 
229 227 226 229 230 229 228 230 229 230 229 229 233 231 221 148 90 75 72 74 69 69 68 65 63 64 64 58 56 56 52 49 48 41 44 38 48 48 49 53 62 72 95 131 148 159 181 183 184 179 174 172 170 171 164 150 126 118 118 123 125 141 154 155 157 161 171 178 187 188 191 189 189 191 194 198 197 129 247 249 250 248 248 246 251 247 246 248 249 249 250 251 
227 227 226 228 230 228 228 230 229 226 229 230 231 230 180 136 91 73 70 73 70 73 73 67 70 68 70 60 71 65 58 55 53 46 47 45 55 50 53 56 62 75 99 127 147 158 182 183 183 179 178 172 178 178 173 173 160 150 138 130 127 128 141 145 152 158 169 170 190 189 192 188 188 191 196 196 197 141 243 248 248 248 247 246 250 249 247 248 249 250 251 250 
228 226 227 229 227 228 228 230 229 227 227 230 233 232 197 101 90 73 73 73 71 75 80 87 90 88 91 82 82 80 70 71 63 65 59 56 57 53 50 60 69 77 89 130 143 157 187 187 185 185 182 174 175 182 184 187 183 181 182 167 158 148 142 142 145 152 156 167 190 190 184 184 186 188 193 199 201 130 249 249 248 248 248 247 247 248 248 248 249 251 251 250 
226 226 228 227 229 228 229 229 229 227 228 231 233 230 193 101 92 77 71 71 70 77 85 91 91 90 98 96 98 94 83 75 69 64 63 60 57 54 52 64 69 77 88 126 143 157 192 186 187 185 185 173 174 180 183 186 186 183 180 178 175 169 153 152 149 152 155 159 177 178 177 178 180 187 192 197 200 139 251 249 247 248 248 247 247 249 249 247 249 251 252 251 
227 225 227 225 227 227 230 229 228 228 231 229 233 229 184 83 87 77 71 67 69 78 81 89 94 99 98 99 102 99 89 77 72 68 65 60 54 49 52 56 61 72 76 124 141 156 201 193 190 183 181 170 163 164 174 182 188 183 185 183 183 179 174 175 174 161 161 157 161 165 169 179 182 186 193 195 197 156 251 247 245 247 248 247 247 248 248 249 248 246 250 248 
226 226 226 224 226 229 228 229 227 226 228 228 232 228 206 84 90 78 73 69 66 75 83 90 99 102 102 102 103 99 84 81 74 63 64 64 54 53 53 54 56 70 75 116 138 153 210 198 190 185 178 169 159 161 165 171 181 182 183 183 183 184 176 179 176 173 173 172 170 168 173 182 183 187 192 194 199 151 250 247 246 248 247 245 248 247 248 248 247 247 249 248 
225 225 227 224 226 228 228 228 230 228 227 230 231 230 225 92 87 74 74 75 70 81 83 90 100 103 109 101 103 95 86 71 73 66 66 57 64 65 65 65 64 69 75 114 131 142 208 198 188 191 182 173 180 179 178 156 168 169 174 177 176 177 175 174 177 180 183 181 180 179 177 183 184 188 190 196 198 139 250 244 248 246 249 248 249 247 247 247 248 247 248 248 
224 224 226 225 226 228 228 227 229 225 228 229 232 229 214 98 88 76 71 77 76 75 84 87 102 106 108 103 101 95 85 75 73 65 64 53 75 69 66 67 73 70 77 105 125 142 175 186 187 185 188 178 181 183 188 186 154 163 168 171 176 178 170 174 178 183 182 181 180 178 177 183 186 187 191 193 199 132 250 246 245 245 249 248 248 249 247 247 248 247 248 246 
225 226 226 226 228 229 227 228 229 225 228 230 232 230 221 93 91 79 76 74 73 78 83 87 96 97 105 100 97 95 79 76 71 64 62 53 73 71 70 65 67 70 75 106 126 140 168 174 179 186 187 179 176 177 179 186 142 152 163 165 163 171 174 175 178 183 183 182 183 182 179 183 184 188 191 194 199 114 251 246 245 245 247 250 249 248 249 246 247 247 248 247 
224 225 225 224 226 228 228 228 227 226 227 228 232 229 214 91 96 74 78 74 76 70 75 82 90 95 95 93 93 87 74 73 69 65 58 62 68 65 61 63 62 61 64 88 103 123 140 143 161 173 171 160 139 127 142 163 142 140 140 153 161 163 169 174 175 180 179 180 183 182 183 184 182 186 188 194 188 118 249 246 244 243 247 249 247 247 248 247 248 247 247 244 
225 224 224 225 227 226 226 226 226 226 229 225 228 229 196 74 92 75 74 76 78 77 77 77 91 93 96 90 90 83 73 69 69 64 60 64 64 59 56 61 59 61 64 73 88 103 131 141 146 162 160 127 22 74 116 153 155 139 138 150 158 160 171 170 173 175 177 177 182 183 183 184 187 185 186 193 174 99 245 247 244 244 245 247 247 248 247 247 247 247 246 246 
223 223 223 226 226 226 228 227 226 228 227 228 229 228 228 81 89 75 75 71 74 73 72 75 82 88 89 82 80 76 74 64 64 62 58 55 43 31 31 25 15 41 58 63 65 74 100 115 125 23 34 37 47 57 89 160 180 163 145 152 154 161 164 163 161 167 171 176 182 180 182 183 185 186 185 190 161 98 245 245 244 245 244 244 247 248 248 248 245 247 246 245 
225 222 225 227 227 228 226 227 226 224 228 226 229 228 196 128 84 76 74 71 73 74 71 75 81 84 84 77 75 74 73 69 67 63 63 57 40 36 37 39 29 27 33 60 62 66 88 101 113 105 115 93 64 81 152 178 184 177 159 150 151 155 160 165 164 165 171 173 180 179 179 183 185 184 187 182 132 143 246 244 243 244 246 244 249 249 248 249 246 245 248 246 
221 221 223 225 223 226 224 226 223 226 226 228 229 228 214 180 78 73 75 67 70 70 70 69 71 71 74 71 69 69 71 68 69 66 56 56 46 40 33 28 35 36 38 39 55 63 86 92 129 137 125 109 139 173 174 184 185 182 178 155 151 152 161 164 164 164 167 167 177 179 179 184 184 181 181 183 101 199 244 243 242 243 245 247 248 249 249 249 245 247 247 244 
222 222 223 223 225 224 224 224 228 225 226 226 229 226 212 196 82 70 73 69 70 72 69 69 68 69 74 68 70 69 67 67 72 60 58 56 52 44 37 35 35 38 41 41 44 43 78 111 140 137 144 149 161 178 178 181 184 182 182 166 160 154 164 163 163 162 167 167 175 179 179 180 183 179 182 168 85 230 246 242 245 243 245 243 246 246 247 248 247 246 246 246 
223 220 224 222 224 225 223 223 225 225 225 226 228 227 226 220 112 80 75 70 71 70 69 69 69 68 68 66 67 65 62 66 63 60 61 56 50 42 42 38 25 22 32 61 59 49 61 84 110 113 133 154 165 167 175 173 176 177 175 168 165 165 162 162 161 164 164 166 172 177 178 178 180 178 177 136 148 244 246 244 244 243 245 242 244 244 246 246 245 245 248 247 
222 221 222 222 223 223 223 225 224 225 224 226 226 225 227 226 145 67 73 71 66 71 67 68 66 66 67 66 66 60 61 66 59 51 53 42 44 44 26 24 16 24 28 71 83 55 48 65 91 91 95 111 137 147 166 153 165 160 172 159 148 166 160 160 161 163 165 165 170 172 175 178 180 175 168 113 161 227 245 244 245 245 244 244 244 244 245 245 245 244 245 245 
221 221 221 223 222 224 225 224 224 223 223 224 226 225 226 226 173 80 76 67 67 69 66 66 64 66 66 61 66 60 56 54 51 35 35 33 30 25 22 16 18 22 34 86 85 57 39 58 75 69 81 69 83 96 125 124 135 120 162 151 140 144 161 160 161 162 163 166 169 171 170 176 177 172 168 95 169 242 243 247 245 243 243 243 244 244 245 245 243 243 244 245 
221 220 222 221 221 223 223 223 224 224 223 222 227 224 225 217 222 63 65 64 57 64 66 68 64 65 60 60 59 40 34 33 26 23 21 23 24 22 22 19 23 32 65 116 101 60 34 62 89 69 57 59 68 71 99 76 85 76 81 95 92 123 157 161 160 159 159 160 165 168 168 167 164 162 151 139 230 246 243 242 245 244 244 243 243 244 242 244 245 243 245 243 
220 221 222 220 223 223 225 224 224 223 223 223 224 226 224 223 226 59 71 69 59 67 63 66 65 63 62 57 42 36 28 22 25 21 21 20 24 24 22 25 26 51 98 131 109 55 55 62 97 71 76 77 78 69 70 88 66 65 66 65 66 97 133 159 159 161 158 159 161 165 163 163 159 159 157 172 233 245 244 242 243 244 243 243 243 245 243 244 244 244 245 242 
219 219 222 221 222 220 223 223 223 222 225 223 225 224 225 218 226 152 54 60 66 58 64 60 64 59 62 46 33 25 25 25 27 22 27 28 38 35 43 46 63 55 86 132 131 135 137 132 128 127 129 126 95 114 113 78 72 59 59 54 56 53 100 124 164 162 162 162 163 161 158 153 154 147 103 237 244 240 244 243 244 244 243 242 244 244 243 243 242 243 242 245 
218 220 221 222 220 222 225 223 222 222 224 225 224 224 222 222 223 171 60 61 60 60 58 58 56 58 62 38 22 24 24 27 28 25 28 35 44 48 43 45 44 42 44 75 102 129 100 91 84 66 83 116 135 133 128 106 62 48 47 52 56 56 77 99 135 162 160 162 161 160 157 155 159 150 89 239 244 242 246 242 246 244 243 242 245 242 244 245 242 243 242 242 
219 219 220 217 222 221 223 223 223 222 223 224 224 224 223 224 226 224 173 58 65 55 56 59 61 57 55 36 28 34 38 35 37 43 45 44 41 37 36 34 35 37 37 40 44 67 86 68 63 58 59 58 54 66 91 112 96 76 62 59 68 84 102 122 96 158 161 161 159 154 146 148 153 79 122 239 242 244 242 244 245 243 244 242 244 244 245 244 244 243 245 240 
217 218 219 218 215 221 223 223 222 223 222 222 225 224 224 223 223 223 207 79 54 54 55 61 60 62 51 34 41 36 39 28 25 21 26 28 27 23 28 26 35 34 36 32 39 52 80 58 49 51 52 47 36 44 56 70 75 49 42 47 65 79 92 112 133 150 159 158 157 144 130 149 113 76 182 243 240 244 241 243 244 245 245 244 244 244 246 244 245 244 243 241 
217 218 217 219 219 220 211 221 221 223 222 223 223 224 222 222 227 220 224 201 56 74 72 53 61 61 62 47 41 43 36 37 29 32 30 40 41 42 38 37 40 37 34 27 31 29 47 69 104 115 127 126 125 113 89 95 36 31 23 45 59 83 103 107 146 162 158 154 140 137 123 112 71 138 223 243 244 246 241 239 243 243 246 243 245 244 245 243 244 244 246 243 
218 216 216 217 220 221 219 212 209 212 215 223 222 221 222 221 223 222 222 220 108 56 65 60 59 61 64 58 45 42 42 37 30 37 34 38 44 46 50 48 61 71 67 63 87 106 109 96 116 148 154 159 139 127 119 124 90 94 67 44 68 88 107 133 141 155 159 153 143 132 130 84 99 201 226 243 245 244 242 241 243 244 246 242 244 244 245 243 243 245 246 244 
215 214 217 217 220 220 221 222 221 220 218 220 222 221 220 220 220 218 221 221 182 45 48 56 56 58 58 55 48 45 44 43 42 38 44 41 42 44 43 48 78 91 93 108 107 101 121 99 111 138 131 118 118 117 122 132 125 121 120 88 88 85 103 125 144 153 145 141 136 124 128 98 221 237 239 240 244 242 243 243 243 244 244 243 244 243 244 244 243 242 244 243 
215 217 218 216 221 218 220 218 221 218 219 220 221 221 220 220 218 219 223 219 213 67 41 48 51 56 56 49 48 44 43 42 43 43 46 47 44 44 43 43 59 67 73 92 79 96 99 99 114 132 113 103 114 121 125 130 130 128 133 102 90 87 104 117 132 141 143 131 124 111 90 120 235 236 240 242 243 243 242 243 243 244 243 244 242 243 244 242 241 242 243 243 
216 215 218 216 221 219 219 219 221 220 219 220 219 220 221 221 220 219 218 218 224 62 39 39 55 55 54 49 46 42 43 41 45 48 46 46 49 42 47 41 52 56 62 67 80 83 81 92 97 90 98 102 117 118 128 131 132 129 125 110 94 85 102 103 121 134 135 131 121 111 70 174 241 240 241 242 243 242 243 242 243 242 243 242 244 243 245 242 242 241 243 244 
212 214 217 217 220 217 220 218 219 221 221 221 219 221 220 221 221 221 226 222 226 216 88 36 33 38 39 43 38 35 34 37 49 47 48 46 44 42 41 39 47 47 46 66 67 64 69 63 70 86 82 90 98 110 114 113 122 124 120 86 92 90 100 100 103 122 119 112 81 77 104 212 237 240 241 242 240 242 243 242 242 243 243 243 243 243 242 242 242 242 241 243 
212 212 218 215 218 218 219 219 221 219 221 220 221 220 219 220 220 222 219 225 223 216 150 39 28 31 39 41 34 34 32 31 41 47 46 43 41 41 33 33 28 24 34 47 51 57 55 57 58 57 49 57 83 90 99 106 113 112 107 77 72 79 81 92 113 116 106 98 66 83 198 240 238 238 241 240 242 241 241 242 244 242 242 242 244 243 243 243 244 241 244 241 
213 214 215 214 219 216 219 218 219 218 220 218 221 220 219 219 220 219 226 220 226 216 225 190 27 28 29 28 33 31 26 25 26 38 40 42 40 40 36 25 18 14 15 17 26 25 30 24 35 37 43 44 62 70 80 82 85 72 65 56 56 54 59 72 93 78 79 59 102 161 223 241 239 237 238 239 242 240 241 242 243 241 242 240 243 244 244 243 245 243 244 243 
213 213 216 214 217 217 217 219 218 216 220 219 219 220 220 220 219 222 222 222 223 221 223 219 32 28 26 23 29 27 25 24 26 30 35 38 40 39 35 33 27 22 20 23 22 32 30 36 38 39 42 47 59 70 79 80 71 66 54 45 49 45 58 52 58 54 64 44 166 209 228 241 237 237 238 238 241 241 243 243 243 241 242 240 243 242 243 244 243 243 245 244 
210 211 213 214 217 216 217 218 217 216 218 218 220 220 218 220 217 216 220 218 224 225 135 56 40 26 30 24 27 26 19 21 18 26 30 32 37 38 34 36 39 42 41 38 48 50 66 78 92 89 80 77 80 80 81 70 49 43 35 38 39 34 48 48 46 43 38 65 223 239 241 244 241 239 239 239 239 240 241 242 242 239 239 242 242 242 242 243 243 244 244 245 
208 213 213 212 214 216 217 217 217 216 219 220 220 220 220 220 221 228 204 166 188 100 69 36 55 30 28 26 22 21 22 20 20 22 27 34 36 35 35 39 41 46 48 40 55 64 90 89 99 98 102 95 81 79 75 65 46 43 37 29 38 33 34 40 45 47 64 120 205 191 241 239 239 243 240 242 240 240 241 241 242 242 241 242 244 242 242 243 244 243 243 241 
209 208 211 212 214 215 216 217 216 219 217 219 220 222 216 180 91 53 95 99 93 74 38 35 54 49 38 19 27 29 21 19 22 23 30 28 30 42 36 39 40 44 42 51 47 56 59 69 88 114 118 121 96 91 78 49 41 30 32 29 29 28 33 41 34 60 111 137 178 50 56 192 178 202 227 242 242 238 244 242 242 241 243 242 244 242 240 242 242 244 245 244 
208 209 210 214 214 214 213 214 214 213 217 216 219 194 97 94 107 48 104 88 79 53 31 51 53 47 42 19 22 25 22 18 19 21 26 26 29 36 35 35 43 43 38 52 55 66 72 70 78 107 110 112 88 93 78 49 41 30 41 30 25 31 34 40 43 132 161 161 175 164 23 192 197 180 190 205 246 241 242 243 243 243 243 240 244 242 244 243 245 244 243 245 
207 208 211 210 213 214 210 214 213 216 217 205 189 107 89 91 102 88 87 78 73 40 30 56 52 51 45 37 20 21 22 17 18 23 22 26 27 29 31 34 40 41 35 54 55 56 60 68 73 100 111 100 73 84 66 60 39 40 53 33 28 32 26 36 61 152 153 161 176 134 163 130 197 181 180 194 185 232 241 241 242 243 243 241 243 243 241 247 244 244 244 245 
200 199 177 165 149 132 126 124 123 119 121 112 110 96 88 97 47 87 79 68 81 30 34 50 51 49 50 41 41 30 19 23 23 19 25 26 24 30 30 29 31 31 37 42 40 43 44 52 63 81 84 76 65 49 53 44 53 40 41 30 25 23 56 117 127 155 161 158 168 114 176 56 121 183 189 196 197 94 193 189 190 244 244 240 243 243 243 243 245 243 245 241 
139 135 128 127 124 122 119 113 114 115 111 111 99 98 81 94 42 78 74 65 79 28 36 52 49 47 51 44 44 40 22 19 20 23 24 25 26 27 29 29 35 30 47 36 36 35 47 48 55 71 63 70 56 38 46 37 30 34 43 29 27 34 94 145 137 160 157 162 163 119 167 144 57 165 192 181 202 79 192 205 211 223 245 242 242 242 242 244 244 243 243 243 
128 125 119 114 117 114 113 114 106 107 106 94 85 83 95 38 78 74 70 77 65 37 37 46 50 51 49 46 48 39 40 28 17 19 23 25 21 20 31 23 28 28 32 24 23 27 33 37 31 40 47 46 32 37 34 34 30 32 32 37 38 49 134 149 152 156 160 154 167 90 168 161 96 98 168 165 175 198 195 188 205 185 201 198 200 209 215 237 241 241 240 239 
117 118 114 113 114 117 114 112 103 104 110 87 84 89 78 38 91 73 71 71 61 35 37 46 50 48 48 46 40 44 39 33 22 20 19 24 21 17 24 24 26 21 23 20 19 20 34 29 29 31 42 37 27 32 30 29 33 25 26 30 54 99 151 152 152 154 154 155 168 87 167 161 135 49 150 186 179 188 78 207 192 193 188 201 201 197 198 193 195 197 213 225 
111 110 112 111 109 111 109 106 105 103 100 83 83 83 39 72 84 66 71 69 46 39 35 45 42 46 43 42 45 45 42 43 40 24 20 17 19 21 17 18 18 18 20 20 20 18 24 20 32 26 28 23 20 22 18 19 20 30 33 89 108 136 148 147 149 154 154 156 159 123 165 161 155 71 96 182 173 179 117 87 200 195 173 184 201 197 195 191 191 191 190 189 
110 114 109 107 107 111 105 107 101 102 99 78 79 78 41 91 82 67 74 59 43 45 40 39 41 43 45 45 43 46 40 41 38 38 27 20 20 18 18 17 20 16 17 17 16 16 21 21 25 21 22 26 39 30 23 24 27 43 101 130 136 141 147 149 148 153 154 158 142 137 162 164 159 107 67 177 193 174 196 48 209 202 180 174 200 196 195 192 189 189 187 187 
106 104 101 105 103 100 104 104 99 88 81 82 82 96 54 85 79 76 74 61 37 46 45 33 45 46 44 47 43 45 42 42 43 35 37 37 24 21 19 20 17 17 20 18 18 14 17 18 18 16 19 21 27 27 27 37 73 111 121 137 138 142 145 146 149 152 156 155 74 161 160 165 164 145 48 164 187 178 196 165 46 190 197 178 180 199 198 189 188 190 190 186 
101 104 99 102 103 102 98 101 96 81 81 83 80 92 72 75 70 72 77 55 39 48 52 35 45 46 46 48 42 44 45 43 41 41 42 37 33 27 23 21 16 19 20 21 21 20 24 23 26 27 24 25 31 45 76 74 116 127 124 137 139 144 145 147 150 151 155 157 85 158 161 164 162 157 54 165 183 182 191 197 76 187 195 187 176 198 195 193 187 189 188 187 
102 102 98 97 97 98 100 99 87 80 76 79 86 67 91 78 67 63 75 50 37 52 52 32 48 41 46 44 42 48 45 42 44 41 41 37 36 37 32 28 23 28 23 23 27 30 30 38 41 45 46 49 72 95 91 111 120 125 127 136 138 143 146 145 148 151 153 149 118 159 162 164 167 160 70 162 174 192 183 186 115 201 183 189 174 186 199 193 189 189 189 186 
96 96 97 97 100 95 97 91 75 76 77 81 95 42 89 70 69 64 71 50 40 55 56 40 48 52 51 39 45 47 46 42 44 43 41 45 38 40 41 38 34 32 42 39 41 43 53 54 56 70 78 89 106 113 116 120 127 130 132 139 142 140 143 147 148 148 147 155 156 163 164 167 170 169 109 153 167 195 163 186 192 167 178 183 180 178 186 195 191 190 188 186 
99 95 100 94 102 96 98 89 77 76 79 79 89 41 81 76 72 64 62 47 50 56 61 40 51 54 49 45 48 43 49 46 44 44 45 44 42 42 40 40 40 39 41 38 46 47 55 61 63 73 85 96 112 113 119 123 130 131 137 137 140 137 147 148 148 151 154 147 161 161 165 170 175 174 127 154 164 190 171 178 192 79 205 171 172 181 173 195 191 188 189 187 
96 96 104 95 93 89 91 88 82 86 82 89 48 44 72 67 74 74 68 48 44 64 54 53 60 57 52 52 49 52 44 44 47 43 45 46 46 45 44 42 43 49 55 49 53 67 76 86 91 98 109 106 118 123 131 133 133 132 133 143 143 143 146 156 160 157 153 104 160 163 166 176 180 181 147 149 160 191 154 176 192 88 180 171 186 178 175 193 195 190 191 190 