
167 174 153 245 252 105 108 135 254 254 254 255 255 255 254 251 255 255 255 253 255 255 254 254 255 255 255 255 253 255 255 255 255 255 253 255 253 255 253 255 254 254 254 254 255 255 255 253 255 253 255 252 255 255 255 253 253 253 255 253 255 255 255 255 255 255 255 255 255 255 255 255 255 255 255 255 255 255 255 255 255 255 255 255 255 255 255 255 253 255 255 255 
169 181 158 138 252 217 100 105 253 254 251 255 253 255 251 254 253 255 255 253 255 253 254 253 253 255 253 255 255 255 253 255 255 253 255 253 255 253 255 253 253 255 254 254 253 253 253 253 253 253 250 255 250 255 252 253 253 253 253 253 253 253 253 253 253 253 253 253 253 253 253 253 253 253 253 253 253 253 253 253 253 253 253 253 253 253 253 253 253 253 255 253 
178 163 89 96 153 254 121 97 151 253 254 253 255 252 255 253 252 253 255 253 255 255 255 255 255 255 255 255 255 255 255 255 255 255 253 253 253 255 253 255 255 253 255 255 255 255 255 255 254 252 255 252 255 253 253 253 253 253 255 253 254 254 255 255 254 254 253 253 254 254 255 255 255 255 255 255 255 255 255 255 255 255 255 255 255 255 255 255 255 253 255 253 
159 178 90 74 83 184 248 106 83 143 161 254 250 255 250 255 253 252 255 253 255 255 255 255 253 255 255 255 255 255 255 255 255 255 255 255 255 255 255 255 253 255 255 253 255 253 255 255 254 254 253 255 255 253 253 255 252 253 253 255 254 254 253 253 251 252 253 255 254 254 255 255 253 255 255 255 255 255 255 255 255 255 255 255 255 255 255 255 253 255 253 253 
165 164 107 87 100 254 255 200 74 147 113 252 254 253 255 252 253 255 255 253 255 255 255 255 255 254 254 254 255 255 255 255 254 254 254 254 254 254 254 254 255 255 254 254 254 254 255 254 255 255 255 253 255 255 255 255 253 252 253 255 253 254 252 253 253 253 253 252 255 255 255 255 254 254 255 255 255 255 255 255 255 255 255 255 255 255 255 255 255 253 253 253 
168 241 100 109 119 254 255 100 70 89 192 253 253 255 250 255 255 253 255 253 255 253 255 255 255 255 255 253 255 255 255 255 254 253 254 252 254 253 253 253 254 254 254 254 254 253 254 254 254 253 254 254 254 254 254 254 253 252 255 253 255 254 253 253 253 252 253 253 255 253 255 255 254 254 255 255 255 255 255 255 255 255 255 255 255 255 255 255 255 255 253 253 
249 249 188 198 253 254 254 238 94 88 107 254 255 253 253 252 253 254 252 253 255 255 253 253 255 255 253 255 254 254 253 254 253 187 199 194 215 214 230 218 252 245 252 140 90 85 84 152 110 203 206 247 240 247 254 254 253 253 255 253 253 255 253 253 253 253 253 254 253 253 254 254 255 255 255 255 255 255 255 255 255 255 255 255 255 255 255 255 255 253 253 253 
252 252 231 220 237 253 254 254 235 121 84 254 254 254 254 254 252 252 254 253 255 253 255 253 253 252 253 253 254 253 204 142 99 87 67 86 105 162 128 127 202 158 127 115 115 71 83 86 101 101 112 111 180 172 214 235 252 253 253 254 254 254 254 254 255 253 253 253 253 253 253 253 253 253 253 253 255 255 255 255 255 255 255 255 255 255 255 255 255 253 253 253 
253 253 252 248 222 224 226 223 232 244 252 249 251 252 253 254 252 251 254 254 255 255 254 251 252 251 253 245 195 90 46 88 83 107 91 106 97 106 105 111 94 89 103 93 97 77 97 99 95 103 103 96 96 110 119 116 130 150 209 252 252 253 253 254 253 255 253 255 255 253 253 250 253 253 253 253 255 253 253 253 253 255 253 255 255 255 255 255 255 253 253 253 
253 254 252 251 237 213 215 212 214 230 249 248 250 251 251 252 252 254 253 253 254 254 248 251 244 245 230 180 122 77 69 101 97 91 87 94 89 105 80 56 74 71 68 59 59 63 77 67 75 74 92 94 83 92 98 108 133 129 155 179 175 234 253 218 253 254 254 254 255 254 252 253 253 253 253 253 255 253 253 253 253 255 255 253 255 255 255 255 255 255 253 253 
255 254 254 253 254 215 221 233 247 248 248 247 249 250 250 252 254 254 250 253 254 252 223 135 94 100 118 104 113 94 105 81 70 76 82 89 79 56 77 76 53 51 74 47 45 47 47 44 56 60 87 110 94 97 108 87 113 112 131 115 123 100 99 153 151 254 254 253 255 254 254 252 252 252 253 253 254 255 253 253 255 253 253 253 253 253 253 253 255 253 253 253 
255 255 254 254 254 251 249 250 248 250 248 248 252 251 250 252 254 252 253 250 252 233 120 81 84 85 105 81 97 87 84 61 64 75 62 63 56 74 57 55 48 54 58 37 42 44 44 43 51 68 88 95 84 77 101 77 101 101 103 101 133 147 102 88 122 253 253 254 253 255 254 253 250 252 252 252 254 255 253 253 253 253 253 253 255 253 253 253 253 255 253 253 
255 253 254 254 255 253 251 251 251 249 252 248 252 251 251 250 254 253 246 250 204 92 88 82 72 86 93 62 60 69 67 73 46 66 41 57 62 68 58 51 57 50 49 42 39 41 45 52 59 53 57 80 85 78 90 84 73 108 115 129 109 118 95 82 104 148 162 253 254 255 255 254 253 251 253 252 253 252 253 253 253 253 253 253 253 253 253 253 253 252 253 252 
255 253 254 254 255 254 252 251 252 251 251 251 250 251 251 252 253 249 178 115 92 90 81 61 70 69 78 51 60 55 81 76 46 46 45 47 52 48 47 44 40 59 42 38 36 38 47 44 42 35 52 71 79 141 82 73 87 88 85 87 97 128 106 87 83 134 107 200 254 255 254 253 254 253 253 250 253 252 253 253 253 252 252 252 253 250 252 252 253 252 253 252 
255 255 254 254 253 254 253 253 253 251 250 250 250 252 252 252 252 235 102 82 71 88 70 74 68 68 52 67 49 43 54 94 53 50 38 42 41 44 38 36 44 46 40 37 38 38 44 33 45 41 41 48 59 60 48 48 75 62 85 74 92 131 90 76 107 121 106 120 230 254 254 254 253 253 253 250 253 253 253 253 253 253 253 252 253 252 253 252 253 252 255 253 
253 253 254 253 254 253 253 253 253 252 253 251 250 251 252 252 248 112 99 81 78 74 64 63 53 54 47 50 38 35 44 53 41 29 33 45 47 35 32 39 31 35 29 37 36 29 28 37 39 44 38 41 50 35 69 47 46 45 57 76 85 93 75 68 91 89 72 78 109 162 254 252 253 253 255 253 255 253 253 253 253 253 253 253 255 253 253 253 253 253 253 253 
255 255 254 254 254 254 253 253 251 252 254 251 252 252 249 247 218 124 84 79 80 59 77 69 50 44 44 48 36 39 46 44 38 31 34 42 42 39 41 30 33 33 26 39 33 27 33 33 37 42 37 34 42 48 43 65 48 53 65 74 100 67 81 120 124 63 100 90 107 114 187 254 254 254 255 253 255 253 253 250 253 253 253 252 253 253 253 253 255 255 253 253 
255 255 254 254 254 254 253 253 250 251 251 250 252 252 222 113 110 67 78 64 68 51 53 64 35 38 62 41 39 44 36 30 38 35 38 33 34 34 28 25 31 29 28 27 29 31 33 33 35 38 37 46 45 53 52 48 87 74 71 53 57 50 71 80 79 98 131 88 81 108 87 196 254 253 255 253 255 254 253 251 253 253 253 253 252 253 253 253 255 253 253 252 
254 254 254 253 255 254 254 254 253 251 251 249 253 252 200 153 104 58 66 79 59 49 40 48 37 38 54 40 40 36 37 31 31 34 44 33 33 30 30 29 32 30 28 27 31 31 30 31 32 36 39 34 40 36 34 40 74 68 53 55 53 54 84 55 70 81 112 89 83 79 88 131 186 235 253 255 254 255 253 255 253 253 253 253 253 253 253 253 253 253 253 253 
254 254 254 254 255 253 252 253 254 252 253 251 250 251 170 157 101 58 51 46 68 63 37 35 27 33 43 29 30 28 30 29 31 35 30 34 34 32 30 28 23 33 31 28 32 31 30 31 33 37 34 36 33 36 60 63 56 46 42 55 64 46 43 58 36 84 100 71 53 62 83 161 122 160 201 208 254 255 253 255 253 255 253 253 253 253 253 253 253 253 253 255 
255 253 254 254 254 254 254 254 254 250 248 251 245 191 101 81 73 50 55 46 59 50 35 35 33 34 44 31 29 28 29 30 30 35 32 26 32 35 28 28 25 32 25 28 29 27 30 36 39 34 40 40 42 66 57 46 58 42 45 62 62 61 80 111 132 103 71 106 71 65 80 148 120 129 146 175 255 255 253 255 255 253 253 253 255 253 255 253 253 253 253 255 
255 253 254 252 254 253 253 253 253 251 251 158 214 190 72 56 55 43 44 48 36 34 37 33 31 29 35 29 28 27 32 27 29 33 27 30 29 25 33 29 30 28 32 29 31 34 39 35 35 45 52 41 30 29 29 29 39 45 46 72 69 60 79 95 82 92 68 71 48 106 107 81 96 156 179 117 162 254 255 253 253 253 253 253 255 255 255 253 253 253 255 253 
254 254 255 253 254 252 253 253 254 251 250 107 111 110 67 49 48 42 42 42 38 33 28 31 31 29 33 28 26 30 27 31 32 26 30 27 28 30 31 28 27 28 32 29 36 39 37 40 44 40 43 39 35 43 34 36 44 39 43 47 60 93 64 72 94 117 105 113 97 110 60 90 103 127 210 97 151 248 253 254 252 253 253 253 255 255 253 255 255 253 253 255 
254 254 255 255 254 253 253 253 252 250 247 131 80 69 48 48 39 41 44 35 37 29 35 29 28 31 32 29 26 29 28 31 29 27 30 25 35 30 33 29 36 31 30 42 44 55 52 48 53 47 39 36 52 33 44 52 36 41 48 47 54 60 74 80 97 108 72 96 114 76 64 94 142 109 237 80 130 240 254 255 253 253 255 253 255 253 253 255 255 255 255 255 
255 255 254 254 253 254 253 252 251 247 239 231 152 49 41 37 38 39 31 30 35 31 24 23 29 26 29 30 33 30 38 39 39 36 45 47 47 48 49 47 47 52 42 59 55 60 80 72 72 66 45 51 62 58 53 65 51 56 59 64 51 55 71 66 80 70 75 82 81 63 60 104 115 199 104 96 106 231 254 255 253 253 253 253 253 253 253 255 255 255 255 255 
255 255 254 253 255 253 253 252 252 245 232 222 98 58 35 35 35 35 33 33 35 26 25 25 27 29 32 36 42 38 49 53 46 54 57 61 61 66 72 63 64 60 58 62 72 70 98 89 76 78 70 67 83 96 99 84 64 64 69 69 71 65 73 51 77 81 53 65 69 43 79 67 106 106 98 95 111 220 252 255 253 253 253 253 255 255 255 255 253 255 255 255 
254 253 254 253 254 253 253 252 252 250 187 138 66 48 34 32 31 32 28 30 34 26 27 27 35 36 45 56 69 76 88 91 98 103 104 101 103 102 102 100 98 100 95 88 89 101 116 117 112 89 85 92 114 127 145 143 121 104 107 92 91 81 68 58 77 73 103 95 98 109 73 71 74 92 79 110 146 252 255 255 253 252 253 253 255 255 255 255 255 255 255 255 
253 253 253 253 254 253 253 252 252 236 227 83 45 45 30 31 33 30 27 31 28 25 27 33 35 43 50 80 88 80 103 111 115 115 116 118 110 111 107 107 110 116 114 108 118 120 128 126 114 93 98 105 111 112 137 151 115 126 115 95 88 86 67 65 61 60 70 85 98 76 60 86 84 88 81 118 209 254 253 255 253 253 255 253 253 253 253 255 255 255 255 255 
255 253 253 253 254 253 253 251 252 246 212 72 48 43 37 34 35 33 30 26 28 34 33 38 54 61 75 92 111 116 123 131 133 137 138 135 136 134 135 136 137 141 145 142 146 143 138 137 137 132 133 127 122 119 121 126 131 144 134 145 137 109 96 97 80 71 106 88 81 99 89 88 91 104 86 163 244 253 255 253 255 253 255 253 255 253 253 253 255 253 255 253 
253 253 255 254 253 252 252 252 252 247 227 53 43 41 34 33 32 30 28 22 27 37 42 50 59 67 82 97 108 119 132 132 135 145 150 147 144 143 144 145 148 149 148 150 143 145 153 154 151 151 147 146 150 144 150 143 152 150 159 168 149 140 114 105 101 75 72 86 63 58 76 93 98 98 108 163 249 254 253 254 255 253 255 253 255 255 255 255 255 253 253 253 
254 252 254 253 253 253 251 252 253 251 248 50 45 41 31 33 34 28 31 23 31 56 60 70 78 84 91 109 113 122 134 136 140 147 151 151 150 151 150 157 159 158 163 160 162 161 163 162 164 167 169 165 167 171 170 180 202 205 210 195 193 176 124 127 129 87 81 70 42 58 59 52 77 74 89 205 254 254 255 253 255 255 253 255 255 255 255 255 255 255 253 253 
254 254 254 254 254 253 253 252 253 250 252 55 43 33 32 36 30 30 27 30 39 67 69 73 81 88 96 106 120 120 135 137 140 144 150 149 148 149 153 158 164 165 163 168 166 164 168 167 169 168 172 170 175 179 185 200 214 221 220 204 195 191 160 148 141 108 93 68 51 88 51 78 83 108 93 200 254 254 253 253 255 255 255 255 255 253 255 255 255 255 253 253 
253 254 254 253 254 253 253 252 253 250 252 54 38 38 30 31 26 25 30 38 48 72 80 82 87 89 98 107 114 119 130 137 141 145 148 149 151 148 156 159 168 167 170 170 175 175 176 176 176 172 177 174 178 186 192 199 210 215 214 206 204 199 185 179 173 138 106 84 47 56 53 96 105 91 116 182 254 252 255 255 253 253 253 253 255 255 255 253 255 253 253 253 
253 253 254 254 254 254 253 252 253 251 253 53 43 42 37 30 24 29 31 44 56 75 81 86 88 89 96 107 112 120 130 137 142 146 149 148 150 151 154 159 168 170 172 175 178 175 176 178 181 179 180 183 182 187 194 198 206 215 209 208 204 203 193 186 184 165 137 114 72 44 45 97 154 102 130 169 253 254 255 253 255 255 255 255 255 255 255 255 255 255 253 253 
253 253 254 252 254 252 252 252 253 252 252 65 42 44 38 32 26 29 34 47 63 86 84 85 89 91 96 104 116 117 134 137 142 147 150 150 153 155 159 163 170 171 174 175 178 176 177 182 183 183 186 184 187 191 197 203 210 208 210 207 205 204 200 197 189 178 154 129 78 70 58 82 178 90 105 129 252 254 253 255 255 255 255 255 255 255 255 255 255 253 255 253 
253 253 252 254 253 253 252 253 254 251 253 139 48 54 31 33 30 32 37 47 69 85 84 87 86 95 101 106 117 122 138 141 147 155 153 154 163 162 165 165 172 174 175 175 175 174 177 178 183 188 190 190 195 201 210 213 217 218 218 207 207 205 204 203 201 196 178 153 97 76 73 66 130 120 98 132 254 254 255 252 253 255 253 255 255 253 255 253 255 253 255 255 
254 253 254 253 252 251 252 252 254 251 253 188 56 55 38 29 33 30 41 45 70 84 87 84 88 89 99 108 117 126 136 144 151 154 159 160 168 171 171 172 175 173 176 175 174 175 177 178 186 188 191 192 200 207 216 218 220 220 219 206 205 205 204 203 204 197 188 161 107 90 75 72 120 113 102 189 254 254 253 253 255 253 255 253 255 255 255 255 253 253 255 253 
253 254 254 252 253 253 252 252 254 251 253 251 71 48 34 34 35 40 48 70 77 85 84 89 89 90 107 117 132 136 146 154 156 161 164 165 173 177 177 179 179 176 180 174 176 177 178 179 185 194 196 195 209 210 219 221 229 222 220 211 210 206 205 204 205 203 194 179 126 106 101 99 89 101 120 251 254 254 255 250 253 253 253 253 253 253 253 253 255 253 253 255 
253 254 253 252 253 252 251 251 252 252 253 246 62 67 37 36 36 46 67 82 81 85 81 83 97 103 111 119 131 137 147 152 157 163 166 167 173 174 179 179 181 179 176 174 177 176 177 181 184 190 195 199 205 215 218 223 231 224 222 212 211 206 205 203 203 200 198 186 134 114 97 82 96 103 140 254 254 255 253 253 253 253 253 253 255 255 255 253 253 253 253 252 
254 254 253 252 254 252 253 252 252 253 252 248 84 55 36 35 40 70 82 87 82 82 85 89 106 112 120 134 139 143 145 147 151 155 156 161 171 173 174 176 178 178 178 177 177 180 183 185 186 189 191 197 201 204 215 219 232 231 226 217 221 214 208 207 204 202 201 195 167 130 98 81 105 109 136 254 255 255 253 253 253 253 255 253 255 255 253 253 255 253 255 253 
254 254 253 252 254 252 252 252 251 251 253 251 132 49 37 36 46 77 84 88 87 85 91 103 118 123 118 135 143 140 141 145 149 150 150 157 165 167 169 173 177 178 180 176 177 177 181 185 184 188 190 195 200 199 206 207 227 230 227 221 218 217 211 211 207 198 202 198 187 148 105 74 112 111 135 253 254 254 253 253 253 255 253 253 255 255 253 253 255 253 255 255 
254 254 253 253 251 253 252 252 252 253 252 250 242 57 37 37 73 88 80 84 89 89 99 92 100 99 108 113 112 113 117 124 124 141 142 140 149 152 161 162 170 170 171 167 162 168 176 178 179 180 182 180 177 184 179 186 190 182 198 206 201 201 195 192 195 208 202 202 203 187 157 83 103 104 214 255 254 254 252 255 253 255 255 255 255 255 255 255 253 253 253 253 
254 254 252 252 253 252 252 252 251 251 252 252 252 78 42 45 90 83 84 84 85 77 81 75 83 72 77 75 86 90 101 102 104 116 129 132 119 143 156 158 165 167 169 162 160 164 170 172 174 179 171 174 175 178 179 180 175 174 178 174 179 197 161 179 182 183 204 210 205 206 176 83 109 127 254 255 255 255 254 254 255 255 255 255 255 255 255 255 255 255 255 255 
253 252 253 251 251 253 252 252 249 253 250 252 252 143 54 59 94 87 83 77 60 56 55 59 55 41 55 50 59 60 64 76 83 103 105 113 116 122 139 153 159 164 166 159 160 162 166 167 168 166 167 160 165 166 161 158 138 132 142 137 118 135 132 133 143 150 166 205 209 204 191 82 125 137 253 255 253 255 252 254 253 255 255 255 255 255 255 255 253 255 255 255 
253 253 253 253 252 252 252 251 252 250 253 250 253 252 53 97 97 81 56 46 40 32 34 33 35 31 28 29 37 35 38 39 47 53 63 61 82 109 132 126 144 143 154 149 153 156 162 152 150 137 133 108 96 92 82 68 48 41 45 48 60 65 74 107 120 90 110 132 208 212 214 98 96 229 254 253 255 253 255 253 255 252 255 253 255 253 255 255 255 253 255 255 
251 251 251 250 252 252 252 252 251 251 252 252 253 252 71 114 97 51 49 40 40 33 32 36 29 25 26 28 26 27 37 33 37 42 51 60 80 81 102 128 134 138 141 147 152 153 159 141 123 114 76 82 69 72 60 61 39 37 33 33 50 55 72 86 102 93 92 115 170 215 221 88 127 252 254 252 255 253 253 253 253 252 255 252 255 253 253 253 255 253 255 253 
251 250 252 251 251 253 252 252 250 251 253 251 252 252 140 118 106 61 57 49 46 43 48 42 41 37 40 30 35 31 30 31 32 37 37 36 57 66 84 95 116 126 136 145 148 151 132 110 95 80 75 65 52 47 46 40 40 42 57 65 76 79 111 116 122 114 103 101 142 178 218 103 244 250 254 255 255 253 253 253 253 253 253 252 253 253 253 255 253 255 253 255 
250 251 251 252 253 253 252 252 251 250 252 253 251 252 181 122 102 75 63 59 55 59 59 56 53 55 53 49 47 41 35 31 34 39 39 38 45 61 74 84 108 116 133 146 150 150 130 104 96 76 61 67 44 48 46 53 64 73 80 93 111 135 139 151 132 122 125 128 156 180 215 110 236 254 254 255 253 253 253 253 253 253 253 253 253 255 253 253 255 253 255 255 
249 249 250 250 253 252 252 251 250 248 252 252 252 252 211 130 100 79 69 65 68 62 67 64 63 64 67 66 68 65 54 49 43 37 41 43 53 60 69 81 89 103 112 160 164 150 133 107 99 82 84 79 71 71 72 77 90 104 121 122 128 133 146 160 162 162 156 154 183 201 215 126 243 251 255 255 254 254 253 253 253 253 255 253 253 255 253 253 253 253 255 253 
250 249 250 251 252 252 250 252 249 252 251 252 252 252 223 121 106 84 74 70 69 73 68 60 63 62 62 61 63 62 55 48 45 39 37 34 47 51 67 69 80 103 117 160 174 164 140 116 99 70 66 65 70 67 72 71 84 99 100 116 115 127 136 152 162 171 168 166 184 201 216 135 181 251 254 255 254 253 253 252 253 253 255 253 253 253 255 255 253 255 255 255 
249 248 250 250 252 252 251 251 251 248 252 249 253 252 96 124 98 87 76 73 70 53 47 39 36 47 46 54 57 48 48 44 37 22 23 20 29 28 47 56 95 134 153 197 205 188 160 121 78 48 49 39 33 42 45 50 77 96 120 182 168 160 96 87 95 152 159 170 200 203 214 158 131 129 253 254 255 255 252 253 253 253 255 253 255 255 255 255 255 255 255 255 
248 248 251 251 252 251 252 251 250 251 252 252 253 252 84 116 94 85 75 69 58 48 47 53 45 46 48 40 40 34 39 33 33 27 26 24 26 28 37 60 108 136 162 205 212 202 168 119 60 42 35 36 47 54 52 49 36 42 53 78 92 121 162 168 110 110 138 161 197 206 213 186 119 107 250 254 255 253 253 253 252 253 253 253 255 255 255 255 255 255 253 253 
250 248 250 249 253 252 251 251 252 249 252 252 253 252 83 110 100 81 70 60 58 52 52 47 29 25 24 21 19 25 18 29 34 27 29 26 28 27 34 63 126 151 165 199 215 210 173 124 59 44 44 41 40 50 37 22 20 22 29 43 60 60 87 132 145 134 136 157 196 206 214 203 111 95 237 252 254 253 253 255 253 253 255 253 253 253 255 255 255 255 253 253 
249 248 249 248 252 252 251 251 250 251 252 252 252 252 81 108 93 76 70 62 62 34 35 38 58 85 72 28 21 20 21 45 79 43 45 28 29 30 53 86 133 156 175 198 211 208 193 172 122 36 47 38 66 84 59 33 21 21 37 127 167 191 104 146 142 172 175 186 207 211 216 221 118 102 217 252 254 252 255 253 255 253 255 252 253 253 255 255 255 253 253 255 
248 249 249 250 253 252 251 251 252 248 252 251 252 252 85 105 94 79 77 70 62 53 55 50 43 55 78 24 23 26 30 72 68 29 28 26 31 35 66 98 133 157 171 195 207 206 198 185 155 63 43 43 46 60 79 26 33 28 32 141 167 150 127 144 161 194 197 196 208 213 217 222 119 117 223 254 254 255 251 252 253 253 253 253 253 255 253 253 255 255 255 253 
249 248 252 251 252 251 251 251 250 251 252 252 251 249 105 103 95 81 83 74 79 67 60 52 57 49 49 50 50 52 50 49 50 38 40 45 44 64 81 100 129 156 169 195 208 208 204 197 194 137 121 91 74 76 73 78 92 94 115 110 115 134 146 162 173 181 186 195 210 217 216 223 129 146 253 254 254 255 253 253 253 253 253 252 255 253 255 253 255 255 255 255 
248 250 251 252 251 252 251 251 250 250 253 252 252 233 113 99 93 83 80 81 77 65 58 54 55 53 54 48 48 44 43 44 44 39 43 44 59 73 83 91 135 155 171 193 204 207 206 200 193 172 137 120 84 75 70 65 75 82 84 107 123 140 157 162 161 189 193 198 210 216 216 224 152 180 254 253 254 254 254 253 253 253 253 253 255 253 255 255 255 255 255 255 
248 250 249 251 252 250 250 251 250 250 252 252 252 223 125 101 96 94 95 88 84 82 79 77 73 69 68 62 66 70 59 63 58 56 51 63 69 76 79 94 132 155 168 195 202 209 207 202 199 195 191 184 137 130 135 130 130 124 120 144 161 170 185 191 191 205 208 207 214 218 218 224 192 221 254 255 254 254 254 252 255 255 255 255 253 255 255 255 255 255 255 255 
249 250 250 249 252 251 251 251 250 250 252 249 252 239 123 98 96 95 95 90 91 91 86 85 86 88 88 83 84 77 71 69 70 51 73 67 69 76 85 78 132 153 165 195 205 207 204 204 201 196 198 191 163 150 143 144 152 151 164 171 181 189 197 205 206 205 206 208 216 216 219 223 215 186 254 254 255 255 255 253 255 255 255 255 255 255 255 255 255 255 255 255 
249 248 247 249 252 251 251 251 249 251 250 252 251 211 119 99 101 97 96 103 108 110 112 116 118 118 115 111 106 98 88 80 76 80 77 74 72 86 93 99 120 146 165 194 209 211 206 207 206 201 202 206 208 210 202 194 169 166 159 171 173 175 191 198 196 217 216 216 214 217 219 221 224 165 233 254 255 255 255 253 255 255 255 253 255 255 255 255 255 255 255 255 
248 248 249 250 250 252 251 251 251 249 252 249 237 216 114 100 101 92 101 105 114 122 124 122 124 121 120 117 113 109 95 93 85 83 80 78 72 90 85 96 123 145 168 194 211 211 208 210 210 196 203 205 212 210 208 208 195 181 173 168 172 174 184 194 202 216 216 212 212 215 218 224 226 150 221 253 255 255 253 253 255 255 255 255 255 253 255 255 255 255 255 255 
248 246 250 249 252 251 251 251 250 251 250 252 247 204 116 102 98 90 97 104 114 122 125 124 126 125 128 125 122 115 101 94 93 83 81 84 77 82 90 89 114 146 165 192 215 217 209 209 206 191 198 206 216 213 210 209 208 200 196 178 178 175 184 186 197 213 209 207 212 215 217 223 224 169 193 251 255 253 255 253 255 255 255 255 255 255 255 255 255 255 255 255 
248 249 250 250 252 248 251 251 251 248 252 250 237 196 114 105 99 91 95 98 102 120 125 126 130 128 133 129 128 117 99 94 93 86 83 72 71 81 85 82 111 139 159 189 206 230 214 212 202 187 186 191 208 213 212 210 214 210 207 200 201 201 191 187 186 191 197 197 207 212 216 222 227 164 214 253 255 255 253 253 255 253 255 253 255 255 255 255 255 255 255 255 
248 248 250 251 251 248 248 251 251 249 252 252 252 201 105 104 97 94 93 93 96 116 127 128 134 136 137 129 122 114 98 92 91 87 78 72 83 79 86 88 107 131 155 189 230 240 215 213 204 189 193 189 201 205 210 210 213 210 212 204 204 202 202 202 199 200 199 201 210 213 215 224 224 171 215 252 253 255 253 253 253 253 255 253 255 255 255 255 255 255 255 255 
249 247 248 249 249 249 250 250 250 249 251 251 252 225 113 102 95 93 97 101 104 120 128 130 136 133 134 125 119 114 99 91 90 80 83 105 92 91 86 95 109 126 146 181 196 209 213 213 215 205 208 210 186 193 198 196 207 208 206 203 204 204 212 209 206 206 208 204 210 213 214 222 222 154 250 254 253 255 253 253 253 253 255 253 253 253 253 255 253 253 253 253 
249 249 249 247 251 250 250 250 250 250 251 251 252 239 113 107 98 97 96 97 99 117 124 131 133 133 135 124 120 113 99 90 90 78 97 103 96 89 86 89 95 119 136 172 182 189 206 206 210 202 203 205 204 177 184 195 199 201 208 201 203 206 212 211 210 206 207 206 211 213 215 221 220 149 245 253 255 253 253 253 252 253 253 253 253 253 253 253 252 253 253 253 
247 246 248 248 248 249 248 250 249 249 251 251 252 229 113 100 100 96 97 92 95 114 119 121 126 124 126 119 114 109 93 92 86 89 92 87 83 83 79 81 91 99 108 147 159 168 184 193 191 165 152 160 200 175 174 171 188 191 192 201 206 205 209 210 210 209 208 209 211 213 216 222 222 130 254 253 255 255 253 253 253 253 253 253 255 255 253 253 253 253 253 253 
246 246 246 247 249 248 249 250 248 250 250 251 252 205 116 98 96 98 95 98 97 107 116 119 124 125 121 115 112 104 93 90 85 84 86 82 68 77 81 83 86 89 98 135 145 158 177 185 154 29 48 115 196 195 169 171 182 188 190 197 202 204 208 209 207 209 211 210 210 213 214 222 221 125 254 255 255 253 252 253 253 253 253 252 255 253 253 253 253 255 253 253 
248 245 247 248 248 248 248 248 249 248 251 250 251 210 108 105 102 98 100 101 95 107 105 115 117 117 113 108 104 99 92 90 84 76 67 54 46 31 28 29 51 86 89 92 111 125 95 58 61 75 76 98 208 212 202 177 184 185 194 192 197 195 202 205 208 207 212 211 215 211 213 219 198 140 255 255 255 253 253 252 255 253 253 253 253 253 253 253 253 253 255 253 
247 246 249 247 248 248 249 249 249 249 250 250 252 222 108 103 97 101 100 100 93 101 110 111 113 113 105 104 103 96 92 89 86 82 66 54 59 55 53 55 49 59 81 89 106 130 155 165 164 110 107 143 213 215 208 197 185 184 191 191 195 195 196 199 204 207 211 208 212 213 213 214 190 159 255 253 255 253 255 253 253 252 253 253 255 253 253 255 255 253 253 253 
246 247 248 249 249 248 247 247 247 250 249 251 252 233 103 104 99 99 97 98 93 99 108 105 106 106 105 98 98 97 93 89 87 78 71 53 53 48 61 58 52 50 65 86 112 116 169 168 164 122 140 191 215 217 214 202 184 183 185 189 196 194 197 199 200 210 207 205 212 211 212 213 175 167 255 254 253 255 253 252 253 253 255 253 255 253 255 255 255 253 255 253 
245 244 248 248 247 247 248 248 250 248 251 250 252 241 102 105 96 95 98 96 96 95 98 98 98 99 97 91 94 92 95 90 86 81 73 70 59 60 58 58 58 70 71 78 111 141 162 166 187 184 196 204 209 212 214 210 200 192 190 194 194 197 196 197 198 204 205 205 210 210 210 209 134 235 255 253 255 255 253 252 253 253 253 255 253 255 253 255 253 255 255 252 
246 244 247 246 248 247 248 249 248 247 250 252 250 235 102 101 93 96 97 89 99 92 94 94 98 95 95 90 92 89 93 89 87 79 79 66 65 61 57 43 61 74 81 66 89 114 146 156 185 195 200 199 206 215 212 213 202 196 195 195 194 191 194 193 197 205 206 205 212 209 208 201 113 247 253 253 255 255 253 253 253 253 255 253 255 255 255 255 255 253 255 253 
245 248 245 246 249 249 248 249 247 249 251 251 248 246 93 87 94 95 95 87 93 93 88 92 89 92 90 88 85 87 77 68 71 48 57 48 37 25 27 32 64 103 113 66 59 79 116 101 114 126 129 158 185 188 191 188 198 178 192 193 188 192 191 194 195 201 201 203 210 207 199 164 155 254 253 254 253 255 255 255 255 255 253 255 255 255 255 255 253 255 255 255 
246 243 247 246 249 248 248 248 248 248 252 248 246 247 97 87 85 79 91 90 91 88 89 89 91 87 88 78 77 63 59 59 49 41 33 35 33 27 31 36 97 136 131 62 60 78 112 98 86 103 81 133 151 171 115 156 175 177 159 194 191 190 191 193 195 199 200 200 206 206 196 130 190 254 253 254 255 253 253 253 253 253 253 253 253 253 253 253 253 253 255 253 
244 245 244 246 248 247 248 248 248 248 250 249 249 247 178 80 86 85 83 83 83 89 86 84 79 81 79 54 51 33 41 42 32 37 44 31 36 39 46 61 155 163 145 77 80 92 143 91 102 81 91 110 100 92 88 84 90 106 131 176 188 189 188 190 190 196 197 195 195 194 190 129 244 253 253 254 255 255 253 255 255 255 255 255 255 255 255 255 255 255 253 253 
246 244 247 245 246 247 249 248 248 247 250 247 249 249 210 77 85 90 83 81 84 87 84 93 86 85 76 43 37 40 40 37 34 42 44 44 44 46 82 102 169 164 152 127 133 137 177 124 119 94 113 110 102 82 88 79 104 79 91 160 189 189 190 190 191 192 195 195 194 189 182 177 253 253 253 254 255 253 255 255 255 255 255 255 255 255 255 255 255 255 253 253 
243 245 245 242 246 246 247 246 250 249 247 250 249 252 244 197 81 82 80 78 82 85 83 84 81 76 59 35 35 35 41 36 38 54 65 65 67 60 67 63 65 78 98 132 122 106 108 94 101 163 166 162 121 104 69 63 72 70 77 122 146 195 191 191 193 187 192 181 187 195 156 253 253 253 255 254 255 253 255 255 255 255 255 255 255 255 255 255 255 255 253 253 
243 242 246 244 248 249 247 248 248 246 245 249 247 247 246 238 79 89 78 76 79 82 83 81 83 72 41 32 38 43 49 45 55 69 74 67 51 54 57 56 54 62 75 124 119 100 92 87 89 104 142 154 144 115 91 77 74 85 91 116 122 165 191 192 192 188 186 182 192 173 124 254 253 254 255 254 255 253 255 255 255 255 255 255 255 255 255 255 255 255 253 253 
244 244 246 244 246 247 248 247 247 247 246 247 250 247 247 249 122 94 87 81 79 87 82 85 80 60 53 41 57 54 46 54 61 67 61 51 49 49 58 60 51 45 52 110 105 81 85 85 88 81 72 92 150 123 107 91 82 94 102 122 156 140 188 192 191 185 186 177 185 187 103 254 253 255 255 254 255 253 253 255 255 255 255 255 255 255 255 255 255 255 253 253 
245 245 244 245 246 247 245 245 247 247 246 248 247 246 246 247 245 76 90 78 71 75 88 92 81 60 68 54 59 49 31 30 26 31 35 40 36 45 40 36 30 25 35 59 56 41 68 84 82 58 51 44 53 51 43 45 58 80 116 122 151 178 186 190 187 181 165 157 168 101 169 254 255 255 253 255 253 255 255 255 255 255 255 255 255 255 255 255 255 253 253 253 
245 246 245 244 248 246 246 247 246 246 247 246 247 245 247 247 251 70 77 88 81 78 84 83 77 70 59 58 57 54 39 44 39 49 53 60 65 65 66 70 63 56 58 100 113 120 150 164 159 163 159 138 111 54 42 36 68 84 118 135 141 177 188 186 185 175 162 166 120 112 224 254 253 253 253 255 255 255 255 255 255 255 255 255 255 255 255 255 253 255 253 253 
242 237 242 241 247 246 246 247 246 246 246 247 247 245 245 245 247 136 61 69 85 81 81 86 84 80 75 60 60 58 55 60 59 58 58 58 78 103 109 124 123 148 145 147 153 139 185 169 166 157 157 152 171 162 150 125 91 101 119 141 163 182 185 183 174 168 162 164 83 195 252 254 255 253 253 253 253 253 253 255 255 255 255 255 255 255 255 255 253 253 255 253 
240 239 240 241 245 247 247 245 245 247 245 247 246 245 245 245 245 239 78 58 84 85 78 79 79 77 72 62 64 66 62 62 63 68 59 61 66 84 99 102 111 136 121 131 147 135 149 174 151 145 149 155 162 161 158 152 119 120 119 131 157 177 181 179 168 166 157 146 146 235 254 253 253 254 253 253 253 255 253 255 253 253 253 253 253 253 253 253 253 253 255 253 
242 240 241 240 233 231 236 238 244 245 247 245 247 245 244 245 247 247 160 80 60 82 78 73 80 71 63 62 70 58 67 69 66 67 74 66 62 72 76 77 91 100 95 104 106 110 116 121 127 139 150 153 161 161 160 156 144 120 115 128 142 157 164 165 161 152 123 96 251 254 253 254 255 253 255 253 254 254 253 255 255 255 255 255 255 255 255 255 255 253 255 253 
241 240 244 241 243 244 242 243 239 236 238 233 235 233 237 238 240 242 217 105 58 78 78 69 72 67 65 57 61 56 77 69 68 66 68 60 66 67 68 73 85 94 102 97 104 102 124 119 122 133 143 150 158 159 159 155 131 122 116 122 128 142 162 162 158 148 105 101 254 254 253 254 253 253 253 253 254 254 253 255 255 255 255 255 255 255 255 255 255 253 255 253 
239 241 242 241 243 243 242 244 245 243 244 244 244 243 243 244 250 244 247 228 113 50 53 55 56 59 58 50 47 52 62 70 69 62 57 56 50 45 36 26 22 26 26 27 23 36 54 56 68 89 108 122 138 137 139 128 105 107 105 99 128 139 146 139 142 97 79 129 253 252 254 254 253 255 253 253 253 253 253 253 255 255 255 255 255 255 255 255 255 255 253 253 
238 238 243 242 245 243 243 242 244 244 242 243 244 246 243 243 249 246 246 243 189 51 39 46 56 56 48 40 44 43 58 67 65 65 69 56 46 39 31 27 26 25 34 36 32 36 50 56 68 85 99 111 123 126 124 115 87 97 100 90 116 139 132 127 111 93 181 244 254 254 254 254 254 255 253 255 253 255 253 255 255 255 255 255 255 255 255 255 255 253 253 253 
238 239 241 241 244 242 242 242 243 243 244 241 243 242 245 245 244 243 248 245 246 66 42 36 42 35 43 32 35 37 45 47 56 56 59 54 46 41 51 40 38 42 41 49 59 64 68 69 69 81 90 105 107 96 92 73 70 75 72 82 97 94 98 92 75 162 251 252 254 253 254 252 254 254 253 252 253 253 255 255 253 255 255 253 255 255 255 255 253 253 255 253 
238 238 242 241 243 242 243 244 243 242 242 241 243 243 245 245 243 247 245 247 246 118 48 45 37 36 38 35 34 35 38 43 45 51 52 52 56 54 50 56 51 58 57 76 92 106 103 103 100 98 100 109 95 76 80 61 63 59 63 64 67 76 78 73 82 203 238 252 253 254 252 254 255 253 254 252 253 253 255 255 253 253 253 253 253 253 253 253 253 253 253 253 
237 237 241 240 241 244 244 243 242 240 243 242 246 244 245 247 249 247 250 245 251 227 48 40 31 37 38 32 33 34 31 37 41 53 56 53 58 60 64 56 54 62 84 111 121 126 128 127 120 109 111 112 82 68 67 49 54 57 53 71 77 64 67 63 120 254 254 252 254 255 255 253 253 255 253 252 253 253 253 253 253 253 255 253 255 253 253 252 255 252 255 253 
237 236 240 239 242 241 240 242 243 243 242 245 247 248 247 247 245 250 247 250 247 150 87 48 36 40 38 29 29 30 33 34 39 45 46 53 57 56 64 62 59 73 78 84 107 122 141 147 152 139 111 110 58 64 44 46 44 49 51 54 65 61 76 124 179 254 254 254 254 255 250 255 253 253 254 253 253 253 252 253 253 253 253 253 253 253 253 253 253 255 253 252 
237 237 241 239 241 240 242 242 247 243 247 244 242 244 246 248 248 245 249 246 138 95 92 61 38 33 36 27 31 30 33 36 40 44 44 56 58 59 66 63 61 83 77 82 91 106 137 146 147 126 130 108 71 56 41 46 47 49 51 45 48 69 107 168 184 253 254 254 254 254 255 253 253 252 253 253 255 252 255 254 253 253 253 253 253 253 252 253 255 253 255 253 
234 237 240 238 240 239 242 243 244 242 245 244 246 244 245 239 191 159 123 115 67 109 83 70 49 32 33 29 30 29 25 30 31 40 39 45 54 55 63 52 71 68 65 71 76 89 109 122 124 92 78 68 93 70 55 56 55 42 36 48 69 103 183 189 194 98 137 208 252 253 250 254 253 253 253 253 254 253 255 253 255 255 253 253 255 253 253 255 255 253 253 253 
235 236 239 237 240 239 240 239 242 242 242 242 242 244 155 73 100 100 105 83 49 90 83 71 61 55 38 32 32 30 27 27 32 37 37 47 52 52 54 45 60 64 65 56 65 74 101 106 104 88 74 77 60 58 67 58 44 35 37 44 75 148 180 189 192 146 53 172 220 222 247 252 253 252 254 254 254 254 254 254 255 253 255 253 255 253 253 253 255 255 253 253 
233 235 236 236 240 239 239 240 239 237 241 137 121 128 70 124 118 104 94 55 54 80 76 74 61 64 56 33 34 31 28 31 35 35 33 35 43 44 46 52 55 43 44 44 60 65 90 82 82 70 60 50 40 40 56 57 36 48 47 126 165 174 187 192 188 183 199 67 201 221 190 219 185 248 252 252 254 253 254 253 253 253 253 253 253 255 253 253 255 255 253 253 
235 236 239 235 240 239 240 239 242 238 244 101 127 125 71 116 108 109 89 42 47 80 79 71 68 63 60 45 34 30 28 29 40 36 31 32 40 45 40 46 49 39 32 46 48 49 61 73 75 48 53 52 50 39 39 48 40 55 48 151 167 174 184 188 190 191 199 184 156 214 205 223 196 196 228 251 253 253 254 255 253 255 255 255 255 255 255 253 253 255 253 253 
233 235 218 201 178 159 152 155 145 154 139 120 113 116 120 111 105 97 72 37 53 74 73 69 70 66 60 54 52 49 28 27 29 31 28 30 32 35 35 36 32 27 27 37 32 33 45 58 52 34 45 38 37 31 43 34 40 79 125 174 175 180 183 185 188 181 189 190 69 170 205 201 223 169 160 233 231 227 251 254 254 253 253 255 255 253 253 253 253 253 253 253 
168 158 155 151 154 145 139 140 141 135 120 112 116 75 118 107 95 83 44 41 50 68 70 70 68 69 67 60 56 54 35 26 27 23 28 26 32 26 25 27 29 27 30 26 31 30 34 44 33 34 31 33 35 30 39 43 80 146 162 172 176 182 185 184 188 169 192 191 134 104 195 200 210 222 79 205 237 222 252 253 253 253 254 253 253 253 254 253 255 253 255 254 
150 154 143 147 148 139 139 135 133 134 114 115 114 54 106 98 93 80 44 51 47 74 70 71 67 66 67 63 57 57 42 37 30 27 26 25 23 22 24 26 23 28 24 25 34 30 32 33 37 36 31 29 31 29 41 66 138 161 161 176 180 182 184 184 186 156 186 194 168 51 175 212 199 220 155 225 226 231 227 225 222 231 241 248 252 254 254 254 254 254 253 255 
143 140 141 141 134 136 134 136 117 108 123 123 68 76 101 93 96 63 43 61 54 67 68 68 70 61 64 64 63 61 56 55 51 31 25 25 24 26 28 22 26 22 20 21 25 25 26 27 31 32 45 33 47 80 117 156 164 167 172 176 178 179 180 184 185 109 195 188 179 108 95 210 206 201 225 149 213 233 199 218 226 220 223 220 220 216 217 216 219 216 219 220 
142 142 144 136 140 136 136 133 116 105 120 124 57 105 107 91 101 54 45 62 49 64 69 66 68 72 65 59 60 64 56 54 53 45 33 27 26 24 27 24 25 22 20 28 28 28 27 33 26 31 38 75 108 118 144 155 164 168 171 174 176 174 180 184 185 124 191 187 188 137 61 204 218 205 213 70 234 223 196 205 223 222 221 222 218 215 217 215 213 211 214 212 
139 137 139 134 137 131 134 122 103 117 112 56 67 120 95 101 97 49 63 71 63 65 68 65 64 66 61 65 63 62 58 60 58 49 59 54 46 41 38 48 36 34 40 44 52 59 65 72 84 110 123 130 149 153 159 162 164 167 172 171 176 176 184 183 180 182 186 188 187 181 70 189 211 206 191 189 84 226 218 205 196 222 222 221 217 215 212 212 212 211 206 205 
133 131 133 134 138 138 132 113 106 110 102 56 95 106 96 98 93 50 57 72 65 73 66 63 62 68 67 67 67 60 61 59 61 55 61 58 49 50 47 48 54 50 49 54 58 61 76 93 107 129 135 139 152 155 160 162 164 168 169 172 175 175 182 182 176 182 190 186 194 185 93 188 207 213 195 220 101 209 222 210 199 221 221 218 216 217 215 211 211 210 206 205 
128 134 131 127 128 127 117 104 110 105 118 60 125 101 98 95 91 55 70 72 81 72 69 66 61 65 61 65 59 62 62 65 62 58 59 57 61 54 57 53 60 54 57 68 75 79 97 110 118 136 141 145 155 157 159 163 165 170 169 172 175 177 177 174 146 183 186 190 197 193 143 183 200 218 185 215 181 70 200 217 206 208 223 221 218 219 216 213 211 212 206 202 
127 122 129 126 122 119 112 96 114 111 124 65 114 101 95 102 87 62 71 77 84 66 71 71 65 71 68 63 66 70 62 66 65 61 56 52 57 56 59 62 53 64 61 78 87 97 106 116 126 136 143 147 157 160 161 163 167 168 168 174 177 175 179 179 101 184 186 191 197 197 164 174 195 218 190 207 224 120 192 221 204 201 219 221 220 221 218 214 214 213 207 203 
126 119 127 115 125 110 98 108 111 112 107 95 103 107 94 90 89 70 80 80 82 67 78 80 73 69 68 60 70 63 68 66 62 69 70 69 68 70 66 68 75 71 87 103 110 120 129 135 142 149 155 160 164 166 166 169 173 172 174 178 188 186 180 167 102 186 193 198 206 207 188 168 190 217 201 215 216 126 236 185 221 208 202 220 223 221 219 215 213 210 210 204 
120 123 126 123 122 103 105 104 98 112 78 122 104 99 104 102 87 72 85 83 79 64 83 80 73 75 63 69 65 66 68 67 64 60 70 72 69 73 73 71 82 88 98 118 123 131 135 141 142 151 160 160 164 173 173 173 175 173 178 191 189 187 180 145 147 191 195 200 209 210 190 174 196 222 205 202 219 143 230 191 204 201 204 207 221 222 218 216 213 212 207 204 
119 120 120 122 117 104 110 104 113 120 70 120 97 102 99 107 83 77 90 88 87 58 79 78 78 72 73 71 63 71 68 66 67 62 68 73 74 77 84 79 95 101 116 123 130 135 140 142 143 155 158 165 170 172 174 174 178 183 188 188 185 187 181 112 180 193 200 204 209 212 190 171 198 213 197 199 215 185 175 199 204 200 202 202 224 220 222 215 215 212 208 206 
117 119 121 118 114 106 107 110 111 120 59 115 96 94 92 90 90 83 84 85 97 55 81 81 83 74 77 77 75 65 73 72 74 69 79 84 91 100 105 107 124 126 139 143 147 148 157 159 161 163 171 170 176 182 185 190 193 189 191 186 186 186 186 101 192 200 204 207 215 211 190 166 216 209 204 185 206 225 60 237 175 204 196 191 224 226 222 218 218 212 209 207 
123 120 117 118 119 108 104 100 111 87 60 111 99 102 97 98 90 79 91 87 97 52 87 88 80 77 76 75 76 81 73 79 77 77 85 83 103 108 109 120 130 140 139 145 149 152 159 163 166 172 173 177 182 188 194 192 190 191 187 189 191 189 169 148 194 204 204 210 218 213 194 163 212 209 199 182 210 225 95 233 194 215 197 193 217 226 224 220 218 213 211 207 
114 115 117 117 102 103 100 98 124 57 61 91 101 104 100 99 80 82 95 94 89 74 73 91 85 87 90 90 81 77 79 92 87 95 107 99 112 120 124 134 139 143 149 156 163 166 172 178 182 181 186 188 191 191 192 193 192 189 189 192 197 194 89 200 201 208 210 211 216 215 181 166 204 210 194 183 209 215 114 108 204 216 210 199 206 220 224 220 218 216 213 211 