
214 214 216 214 214 214 215 216 216 215 216 217 218 218 216 215 216 215 215 216 219 217 215 215 216 218 216 215 217 218 216 217 218 220 217 217 216 219 218 219 218 218 217 219 219 218 219 218 218 219 217 217 219 221 218 217 219 219 218 217 220 219 221 220 219 218 220 220 219 222 223 221 222 220 221 222 223 222 221 220 220 217 219 221 220 220 222 220 219 219 220 219 
215 216 216 216 216 217 217 218 216 217 215 217 217 218 217 216 217 218 217 217 219 219 218 217 217 216 216 218 216 217 218 218 217 218 219 216 219 219 219 219 218 218 216 216 218 219 217 219 219 219 218 219 219 219 220 219 217 216 218 218 219 219 221 220 219 221 219 223 222 222 221 222 222 222 219 223 223 223 221 221 222 222 222 221 222 220 221 220 219 218 222 222 
218 218 217 216 218 216 219 219 218 218 219 217 219 216 216 217 216 217 216 217 219 220 218 218 218 215 217 216 217 221 219 218 217 218 219 216 220 219 219 218 218 218 218 216 219 221 218 218 219 220 219 217 220 221 219 220 219 218 220 217 220 219 220 222 219 220 222 222 223 222 223 221 223 222 221 222 222 223 223 223 224 220 222 221 221 221 221 221 221 221 222 222 
217 219 219 217 219 218 218 219 216 218 218 217 218 218 216 216 218 216 217 218 217 218 216 217 217 216 217 218 217 218 220 219 216 219 218 218 219 220 220 216 218 220 218 218 218 218 217 218 219 219 218 220 220 221 221 221 217 219 219 219 219 218 220 220 220 221 223 221 224 221 221 221 222 221 224 224 228 220 222 224 221 223 222 223 224 223 224 223 222 223 222 222 
219 218 217 219 218 218 218 218 216 214 217 216 218 216 217 217 218 216 217 217 218 218 218 218 218 217 217 218 219 220 221 220 221 217 219 218 220 220 220 219 219 219 221 217 218 218 218 218 220 220 221 219 222 221 220 219 219 219 220 218 221 219 219 220 221 221 222 220 224 223 224 221 223 221 224 224 225 223 224 225 226 223 225 224 224 224 224 224 225 223 223 223 
220 219 218 216 218 217 217 217 216 217 218 215 218 217 217 216 218 215 217 216 218 216 217 218 218 215 218 217 220 220 219 219 218 218 220 217 221 218 219 220 219 219 219 219 219 219 218 219 219 219 221 221 222 220 220 220 219 218 221 221 220 220 220 222 223 223 224 224 224 223 222 221 223 222 224 224 227 224 222 224 225 225 224 223 227 224 226 224 225 225 224 220 
218 216 220 218 218 218 217 218 218 216 217 218 217 217 217 216 216 217 218 217 219 218 218 217 218 216 218 219 221 218 219 219 220 218 221 220 220 222 220 220 219 218 220 220 219 220 221 219 219 222 220 218 221 221 221 219 219 219 221 223 222 223 222 223 223 222 224 223 225 225 224 223 223 224 225 224 224 223 224 224 226 224 226 225 226 226 226 226 224 222 222 222 
216 217 217 218 219 218 217 217 219 218 218 216 219 219 218 217 216 217 219 217 218 219 218 218 218 218 219 219 217 219 220 220 220 219 219 219 220 220 220 219 220 219 221 220 221 221 222 221 221 218 220 218 221 220 220 219 219 219 221 219 219 221 223 223 223 225 225 222 226 224 225 222 224 225 226 223 225 224 225 225 225 222 224 226 226 226 225 225 224 225 224 224 
220 216 217 217 218 219 217 218 218 219 217 217 219 217 218 217 217 216 216 218 219 217 218 218 219 218 217 218 220 220 221 220 220 216 219 220 221 223 220 220 220 220 222 222 221 222 223 223 221 222 219 221 223 224 225 223 222 220 221 220 220 220 221 221 224 223 225 223 226 223 225 224 222 224 225 225 226 224 224 224 224 223 223 223 224 223 224 224 224 223 223 223 
219 218 217 217 219 218 220 218 219 218 218 216 219 218 219 217 217 220 219 217 218 220 218 219 218 220 218 218 219 220 221 221 219 219 219 220 221 221 222 221 221 220 221 220 222 222 219 216 216 219 221 221 221 221 219 224 221 224 220 218 221 223 220 223 223 225 224 224 223 224 224 225 225 226 226 224 228 226 224 223 223 223 224 224 224 224 225 227 225 226 225 223 
218 217 216 217 219 218 219 217 218 216 217 217 219 219 218 218 218 217 219 217 219 220 219 220 218 218 221 219 220 219 221 220 221 221 221 220 221 221 221 222 222 222 219 205 187 153 105 118 118 182 166 169 177 183 201 216 221 221 225 221 222 221 225 222 223 225 224 225 224 222 225 224 224 223 226 226 226 225 223 224 225 225 224 225 227 226 225 226 227 225 226 227 
219 219 216 217 217 216 220 218 218 216 219 219 218 219 217 218 218 220 217 220 219 220 218 219 218 219 220 220 221 220 220 221 225 222 221 223 221 220 219 219 200 195 182 142 106 62 71 60 59 57 60 52 61 65 55 76 191 226 221 223 226 226 225 226 223 224 226 225 225 224 225 225 223 223 226 226 226 227 224 226 226 226 225 225 226 226 225 225 227 226 225 226 
218 216 218 219 219 219 220 222 220 219 219 220 219 217 219 218 220 219 220 220 221 219 220 219 219 217 222 222 220 223 221 220 221 218 222 200 143 121 89 77 68 62 69 60 55 52 52 48 50 58 50 50 52 53 66 69 83 93 102 113 124 160 222 221 224 226 229 226 229 226 226 225 225 224 225 223 227 225 227 225 226 227 229 226 228 226 226 226 226 225 228 226 
218 217 219 219 219 219 220 221 221 218 219 219 218 221 220 219 220 217 221 219 221 218 219 219 220 220 221 221 220 220 218 218 218 197 184 138 69 57 60 61 56 52 46 46 40 45 41 43 37 43 37 36 39 40 46 47 66 67 78 94 91 88 222 219 220 223 224 224 226 225 226 224 225 225 225 224 226 225 225 226 227 227 227 226 227 227 227 224 227 226 226 226 
219 216 218 217 219 218 219 219 220 220 219 220 219 219 219 219 220 218 219 219 220 221 219 220 222 219 221 222 222 220 215 219 212 171 123 75 47 43 50 48 49 46 44 39 38 40 44 36 38 50 36 41 36 37 48 37 54 62 63 66 98 88 78 171 193 190 189 205 225 227 226 226 225 224 225 224 227 224 225 228 228 227 226 226 228 227 227 228 227 226 226 225 
221 219 219 220 220 219 218 221 222 221 220 221 220 221 221 219 219 218 220 219 222 220 221 220 219 220 220 218 219 209 189 153 119 86 74 50 38 41 40 41 50 48 52 30 29 35 29 33 35 38 30 27 37 38 33 37 50 41 49 53 63 90 82 67 63 77 102 140 223 222 223 224 225 224 224 225 228 225 226 227 228 227 227 226 226 227 228 225 225 225 229 226 
218 219 219 218 221 219 219 220 220 219 220 220 219 220 219 218 219 218 219 218 221 220 220 220 222 223 221 218 218 204 179 113 106 80 82 43 37 39 43 54 47 39 34 28 28 33 35 33 32 35 24 28 30 32 31 34 43 36 51 46 58 65 63 55 53 81 97 97 191 223 227 227 224 225 224 225 226 226 225 227 227 226 227 223 226 227 226 227 226 227 228 229 
220 221 221 221 221 221 221 219 220 220 221 222 220 221 220 219 219 219 218 220 221 222 218 219 218 209 214 208 169 133 99 80 83 73 65 45 47 38 36 53 38 37 28 22 28 31 25 32 28 31 30 24 30 32 36 31 37 36 40 40 48 54 52 45 48 73 71 86 101 135 193 226 221 226 224 225 226 227 226 226 227 227 229 226 228 227 227 226 227 227 229 228 
221 221 221 220 222 219 221 221 220 219 220 220 220 223 220 220 220 221 222 221 222 222 224 221 216 194 188 161 108 95 71 67 67 75 64 38 50 37 33 56 37 34 28 23 28 32 26 31 25 29 28 30 28 26 31 34 38 38 41 31 43 50 40 43 48 56 54 65 94 94 120 222 221 224 226 225 229 226 227 226 228 227 228 228 227 227 227 228 227 229 229 227 
218 220 223 222 222 223 221 221 221 220 221 221 224 222 221 220 219 221 222 221 224 222 223 217 186 139 93 108 98 63 58 54 59 44 43 45 40 35 37 35 37 29 26 20 22 28 25 26 25 27 27 24 26 31 30 34 30 42 31 32 37 35 35 44 39 47 46 55 66 78 97 124 165 208 217 226 225 227 225 227 228 227 227 225 226 227 228 228 229 226 227 228 
222 220 221 220 223 222 221 220 222 222 220 220 221 222 223 223 223 222 224 221 225 221 220 209 140 80 60 83 96 77 68 46 60 47 52 43 42 36 31 34 38 32 28 19 21 23 31 25 27 26 30 26 31 30 31 35 37 38 45 28 29 38 37 42 36 39 47 49 58 77 88 107 126 173 207 227 227 225 228 227 227 226 228 225 228 226 229 229 230 228 228 227 
223 222 222 220 223 222 222 220 223 221 221 222 221 222 221 222 221 220 224 218 220 187 151 128 103 75 61 118 92 65 39 34 45 45 33 25 37 33 30 28 27 29 26 26 21 25 22 24 28 22 28 31 25 31 40 36 39 36 34 27 31 28 39 38 41 38 37 44 58 65 95 108 94 139 209 214 218 223 224 226 227 225 229 228 228 227 227 229 229 228 227 227 
221 221 221 221 220 221 222 222 222 222 222 221 222 221 222 222 223 220 225 221 222 145 117 152 59 52 41 64 69 67 38 34 36 42 35 31 28 32 33 28 26 26 28 27 25 29 25 27 25 23 27 29 33 33 31 35 30 40 39 32 32 34 33 39 44 40 34 43 48 76 105 100 87 143 186 213 213 222 225 227 226 223 225 228 227 230 228 227 228 229 229 227 
220 222 221 219 222 221 223 222 222 221 220 222 224 221 222 223 222 222 222 222 210 102 152 168 52 39 39 57 55 66 47 47 35 39 34 27 26 30 27 21 27 30 26 29 29 31 27 26 28 26 26 29 29 34 33 37 32 33 36 33 34 36 26 29 39 43 39 39 48 70 88 93 88 119 143 217 225 225 226 225 226 225 227 227 230 228 227 229 229 229 229 228 
222 223 221 220 221 222 222 222 223 221 222 219 223 223 221 224 221 221 223 223 198 94 137 134 45 49 43 49 48 38 32 33 29 28 25 34 21 27 31 31 28 24 27 28 32 38 30 30 24 22 19 24 28 29 34 36 33 37 35 29 36 34 28 25 30 39 39 32 49 73 72 83 62 67 77 213 225 227 227 225 224 224 226 227 228 228 229 229 230 228 228 227 
220 221 222 220 224 223 222 222 222 221 222 222 222 222 222 223 222 222 226 221 197 103 100 145 60 49 43 37 40 49 37 40 36 25 23 22 32 34 34 32 30 28 28 30 32 36 30 27 30 29 28 24 26 26 34 32 34 32 29 33 34 38 35 29 24 34 38 29 47 58 76 81 81 67 81 198 220 226 228 226 225 226 225 226 229 227 230 230 228 230 228 228 
221 222 222 223 224 224 222 224 222 223 225 220 223 223 224 222 221 220 225 210 179 87 83 82 68 44 41 32 31 32 35 37 35 30 28 30 34 46 43 45 44 46 44 44 45 49 49 52 52 53 54 49 45 46 44 41 41 35 33 30 32 35 37 37 34 22 32 29 36 37 53 72 80 72 90 155 216 227 228 226 227 229 229 228 227 228 229 230 229 228 228 227 
221 222 223 223 222 222 221 222 221 223 224 221 221 223 223 224 221 223 225 219 179 89 91 73 50 54 38 39 32 31 40 35 33 30 30 35 54 56 66 64 59 58 58 56 53 60 60 62 61 77 73 71 62 59 64 61 55 53 45 41 38 38 41 40 45 28 33 33 40 47 49 74 99 80 82 158 213 227 229 227 226 226 225 230 229 229 228 229 229 228 230 229 
224 223 224 224 223 222 223 221 223 223 224 221 224 224 222 221 221 222 227 218 197 87 69 66 46 42 38 47 49 48 40 42 43 51 65 76 83 87 93 89 89 87 87 91 94 99 102 108 109 113 113 108 104 95 93 91 90 83 83 62 62 61 52 44 51 41 33 33 46 50 49 77 83 82 68 117 189 221 225 225 227 226 230 229 230 229 230 229 229 227 229 229 
224 223 224 223 224 224 221 222 224 220 223 222 224 222 223 222 221 224 227 222 195 74 86 59 54 42 39 40 39 39 41 49 54 69 84 91 93 98 95 99 99 101 102 108 109 112 116 118 120 121 122 116 121 115 112 109 98 88 90 72 71 58 62 58 64 41 37 30 46 51 50 68 71 63 63 92 144 211 223 227 228 230 229 228 230 229 228 230 230 228 228 228 
224 223 224 223 224 224 222 222 222 224 222 221 222 223 223 222 220 220 225 221 197 66 38 39 42 41 41 38 44 50 64 75 86 116 124 120 125 123 124 120 121 121 124 126 127 133 132 133 131 129 130 129 133 129 127 131 129 127 124 107 98 98 91 101 95 68 52 39 46 52 52 74 88 70 61 88 92 129 227 227 228 228 229 229 227 227 226 227 228 228 230 228 
226 224 223 223 222 222 222 223 222 221 221 221 223 224 222 221 220 221 225 210 178 84 70 50 37 42 42 40 47 60 76 98 117 137 139 140 135 129 127 126 126 126 126 131 132 131 135 133 132 132 131 131 135 134 134 137 137 131 130 127 124 123 126 120 118 102 78 53 47 44 57 80 89 87 90 84 95 146 224 225 227 228 229 228 226 227 227 226 229 228 231 230 
223 222 222 222 222 221 221 222 221 221 221 221 221 222 222 221 224 221 213 163 93 82 91 74 51 49 36 47 79 102 158 163 159 154 150 147 136 133 132 131 130 131 132 131 132 134 133 135 135 134 136 133 135 135 138 137 135 138 139 137 139 138 138 140 139 139 123 111 59 44 55 75 82 81 82 80 98 130 226 227 228 230 228 228 229 227 228 231 231 231 231 231 
222 222 221 221 222 222 221 221 220 221 220 220 221 221 222 223 223 222 204 139 90 93 83 68 47 47 33 70 97 125 170 171 167 159 153 145 136 135 131 131 130 132 132 131 133 136 134 135 136 138 137 136 137 134 138 136 135 136 139 137 140 140 145 145 143 150 148 130 72 56 35 49 87 84 86 84 88 127 222 229 229 230 228 228 226 226 227 232 231 232 231 231 
222 223 221 223 223 222 222 220 220 219 221 220 222 223 221 221 222 221 204 129 82 78 93 76 53 41 37 72 118 150 177 174 169 160 155 148 137 136 132 132 133 132 135 133 136 136 134 135 135 136 137 138 138 138 136 137 135 133 139 135 142 142 148 147 150 157 154 149 84 71 44 40 87 81 79 85 108 124 229 230 229 230 229 227 225 226 228 231 231 229 232 230 
221 222 222 221 221 220 221 223 222 223 221 222 221 222 222 222 221 222 208 143 98 65 82 68 67 49 38 112 158 182 180 177 172 159 157 151 143 137 136 135 135 136 134 134 137 138 137 135 135 134 137 136 138 137 138 139 137 139 138 138 140 139 147 151 150 170 177 179 136 112 85 40 41 78 78 98 91 159 230 229 229 230 229 230 229 231 231 231 231 231 230 232 
223 221 223 221 222 223 222 222 223 221 222 222 220 223 222 223 222 219 217 175 119 68 85 86 47 63 50 143 171 178 185 176 170 160 155 152 145 141 136 135 136 133 135 137 134 138 135 134 135 134 133 133 135 135 139 138 139 139 138 136 139 139 144 148 152 164 177 178 151 125 93 66 47 50 73 98 98 158 230 231 231 231 231 227 232 228 231 230 232 228 231 232 
223 220 222 221 222 221 221 223 222 222 225 220 222 223 222 223 224 219 222 222 194 81 65 73 38 57 85 165 179 180 181 175 169 158 155 152 145 144 140 137 137 135 137 138 138 139 136 136 136 136 137 138 140 141 141 142 143 141 141 140 141 141 149 147 147 164 174 178 159 147 116 75 67 57 89 98 103 159 231 231 230 230 231 230 232 231 232 232 232 232 233 232 
224 221 223 222 223 220 221 223 225 223 223 221 222 223 222 222 223 220 223 219 194 96 75 67 49 63 104 173 176 181 176 172 169 159 157 154 148 144 142 140 137 137 137 139 138 138 137 136 134 137 135 138 141 143 144 144 143 142 142 141 142 142 146 146 145 161 170 173 159 151 120 66 64 79 77 102 103 178 231 233 231 231 231 230 232 233 231 233 233 231 234 233 
222 221 221 221 222 225 223 223 221 221 223 223 223 221 221 221 224 222 223 215 171 87 83 67 64 108 159 167 169 171 172 167 167 161 158 155 145 142 142 138 138 136 136 137 136 140 140 139 138 138 137 136 143 141 143 143 143 144 144 146 149 150 152 154 154 159 159 168 170 170 166 68 60 51 78 95 97 140 234 233 231 230 232 229 231 233 233 232 234 233 233 235 
222 222 222 221 221 223 222 222 223 223 223 224 223 222 222 223 223 223 226 216 187 99 91 79 95 148 179 166 165 170 167 162 159 152 149 145 141 135 135 136 132 133 132 136 138 137 139 139 139 138 136 136 137 139 139 140 145 144 144 145 143 147 148 153 157 161 162 160 163 174 171 97 69 62 78 100 103 163 231 235 231 230 232 230 233 232 232 233 233 235 233 233 
222 221 224 223 222 224 223 224 221 225 221 224 221 222 222 223 221 222 223 219 218 109 96 88 143 194 191 161 150 142 132 127 123 117 115 118 122 122 122 125 122 125 127 132 134 134 134 134 134 134 133 132 127 122 121 124 115 115 119 118 122 134 137 129 128 145 164 162 169 173 184 164 91 81 83 107 105 199 233 233 230 230 231 229 234 231 234 233 232 234 232 233 
222 222 222 220 224 223 224 223 222 222 221 223 223 222 224 224 222 222 222 219 219 98 105 88 182 200 195 132 122 112 104 103 92 102 98 94 98 111 116 115 116 117 122 130 132 132 131 130 132 133 134 129 113 118 117 101 95 90 90 81 98 96 95 114 119 106 124 143 170 177 185 183 133 77 76 90 110 206 232 230 231 229 232 231 230 231 231 233 234 232 234 233 
221 221 222 220 224 223 222 222 222 222 219 222 221 224 224 223 221 221 223 221 220 114 108 89 193 200 172 79 85 85 73 70 68 64 62 59 70 77 80 86 106 111 114 126 128 130 129 131 131 129 125 122 105 101 99 81 74 68 51 56 59 67 58 74 79 83 93 99 152 181 184 200 170 82 70 97 119 212 228 229 231 232 231 231 232 232 233 233 233 234 233 233 
223 220 222 222 222 223 223 223 222 221 222 221 224 223 224 225 222 220 222 220 222 138 98 109 195 155 108 88 79 69 48 46 44 35 34 29 38 40 49 52 65 75 88 110 123 125 126 125 126 122 118 113 88 83 71 62 55 51 48 42 43 45 39 43 42 56 55 58 103 127 165 205 209 162 75 111 157 221 231 227 228 227 230 227 233 232 233 233 233 233 233 234 
223 220 223 222 222 222 224 222 222 223 221 223 224 224 224 224 221 221 222 223 225 163 107 147 181 125 114 86 81 78 47 40 41 36 40 30 31 36 38 42 60 68 73 98 116 122 119 121 125 117 114 111 91 75 62 58 55 52 45 39 45 42 41 37 45 52 55 58 83 106 128 199 207 180 76 122 187 228 227 228 227 228 232 230 229 228 231 233 232 232 236 234 
222 223 223 223 222 223 223 224 226 224 221 223 222 225 224 224 224 219 223 224 228 192 108 175 175 166 161 136 139 126 97 91 82 76 79 70 61 58 53 52 66 66 85 99 111 120 119 121 121 119 115 112 87 77 70 63 66 61 57 62 68 72 75 84 78 79 85 79 95 99 129 192 208 187 86 173 222 229 230 230 231 231 231 232 232 229 233 232 233 233 234 235 
223 221 223 221 224 223 224 223 225 225 225 223 225 224 223 222 224 223 224 223 226 207 106 182 187 176 166 164 164 153 114 101 101 87 85 78 68 68 67 73 74 75 89 98 110 121 121 121 121 122 121 114 95 92 81 82 77 73 74 77 79 83 84 93 95 100 105 102 96 115 138 192 211 195 95 199 226 229 231 231 231 232 233 232 228 230 230 232 232 232 233 235 
226 223 224 223 225 227 226 227 226 226 227 224 225 226 223 223 224 226 224 224 224 194 149 194 196 175 170 173 180 179 128 115 106 96 94 87 77 70 64 61 58 63 75 105 134 143 126 124 127 131 125 120 101 83 69 64 58 71 73 88 90 93 104 107 108 120 130 124 118 124 145 196 207 209 122 213 228 229 230 231 233 230 231 233 230 232 231 233 232 232 234 233 
225 222 224 224 225 225 224 226 226 226 227 225 225 223 225 224 222 225 226 224 224 178 132 204 211 186 176 168 168 150 98 86 66 57 54 53 52 48 54 46 46 51 55 103 148 163 134 130 131 131 130 120 74 55 49 45 49 60 70 81 87 94 104 109 110 123 133 136 132 138 150 189 210 210 132 216 228 228 232 230 229 229 228 231 232 232 230 232 232 232 231 235 
225 226 226 226 226 226 228 225 226 224 227 227 226 226 226 223 223 224 223 222 226 96 152 214 223 196 170 148 155 182 186 136 104 68 59 50 48 45 40 38 28 38 43 81 145 178 143 138 134 140 140 119 44 33 30 26 36 40 47 57 65 73 97 102 110 117 99 93 128 141 154 192 207 202 130 220 230 232 231 229 229 229 232 231 230 230 232 232 232 231 233 230 
224 224 224 226 227 227 227 227 225 224 225 225 226 225 225 224 223 223 226 222 224 89 169 215 219 200 181 167 139 124 75 61 53 38 24 27 27 25 43 34 38 42 44 85 155 169 145 137 138 141 142 123 43 31 34 35 37 40 39 39 47 51 70 84 103 145 141 105 113 133 150 190 207 207 132 209 228 232 230 229 229 228 230 231 231 231 233 231 231 229 232 230 
227 226 227 225 227 227 227 226 227 226 224 224 226 225 225 224 224 222 225 222 223 88 171 217 210 193 181 125 113 96 71 150 172 51 101 30 29 37 51 56 40 44 52 110 160 169 143 136 137 141 145 127 42 36 39 32 47 51 48 31 37 42 52 68 72 98 103 104 115 124 144 189 207 206 128 200 228 227 230 230 230 230 230 229 231 231 232 231 229 227 231 227 
226 226 226 225 226 228 227 228 225 225 225 224 226 225 224 224 223 224 228 221 226 100 199 215 186 170 163 124 127 145 136 93 79 102 41 32 48 47 55 51 47 53 68 180 184 171 144 134 136 140 151 151 78 55 49 49 44 46 58 32 32 37 99 94 76 120 103 95 145 152 147 187 208 210 137 187 227 228 231 230 230 230 231 229 230 228 231 230 230 229 230 228 
225 226 227 226 225 227 226 225 227 226 225 224 227 225 226 223 223 225 224 224 227 119 200 212 182 163 160 131 126 118 133 120 103 74 70 67 60 63 62 57 56 74 124 186 178 170 142 132 135 140 147 152 112 66 61 53 56 54 54 54 60 60 76 82 93 114 114 114 148 162 154 181 204 207 142 186 224 227 227 228 229 229 231 229 230 229 231 230 229 228 231 230 
227 227 224 223 227 226 226 227 227 226 227 226 226 227 225 226 224 224 226 220 228 159 215 208 177 166 169 150 132 112 98 92 89 81 77 66 69 67 70 69 134 168 182 181 174 166 142 135 138 147 153 153 146 124 98 67 69 59 63 64 69 75 84 86 88 102 110 115 147 157 171 189 198 207 155 197 221 226 230 228 230 230 230 230 229 230 230 230 229 229 234 232 
224 227 224 227 226 226 226 225 226 225 228 225 227 227 225 226 224 225 224 224 222 174 211 204 181 157 154 146 134 120 100 97 93 85 76 77 75 77 81 110 164 178 180 177 172 164 140 137 141 154 156 155 150 135 119 113 77 76 75 74 72 72 82 84 89 108 117 120 148 154 167 191 199 207 173 210 224 224 229 230 228 230 230 229 228 228 230 230 229 229 234 232 
224 226 227 226 228 226 225 225 226 226 225 226 225 226 225 225 224 225 224 223 221 180 210 205 191 175 164 145 136 123 112 108 106 102 101 108 128 134 145 161 180 179 182 187 174 162 141 142 143 161 170 177 162 151 142 135 122 112 98 99 99 103 103 109 114 124 127 135 149 162 168 194 202 206 188 213 224 228 229 231 228 230 229 230 232 228 231 231 230 232 233 234 
226 223 226 226 227 226 226 225 225 224 227 225 225 226 224 224 225 223 223 223 220 183 212 209 200 184 168 143 133 126 116 115 113 114 120 129 137 142 153 168 188 179 183 189 182 163 143 145 147 159 169 181 161 152 154 137 127 126 122 106 110 108 111 112 113 125 129 133 152 160 166 190 203 205 190 199 224 228 228 228 230 229 229 230 231 230 232 229 231 234 235 234 
224 223 225 226 226 226 226 227 225 224 225 226 224 224 224 222 224 222 224 224 214 201 215 218 203 185 175 143 138 135 131 130 132 135 135 137 137 148 157 163 170 155 175 193 186 166 137 146 146 155 167 176 156 147 141 142 138 133 130 129 130 131 121 121 121 130 130 134 149 156 166 192 200 205 198 203 226 225 229 229 226 230 230 229 232 232 231 231 234 234 233 233 
224 223 225 225 228 228 226 225 225 223 226 224 225 225 224 224 223 223 223 224 215 202 216 219 207 187 176 148 143 139 138 139 138 136 135 133 136 140 149 143 158 155 172 190 181 164 136 138 146 162 171 172 158 152 136 132 140 134 130 129 132 132 132 130 128 131 141 139 146 162 164 190 204 205 200 194 227 225 230 228 228 229 230 230 232 233 232 232 234 233 232 232 
225 224 225 225 227 227 227 224 225 224 225 223 225 225 223 225 225 222 224 223 213 206 219 223 210 193 179 161 153 147 144 139 138 132 134 128 131 132 135 154 165 167 185 188 177 158 134 135 144 160 181 176 162 160 152 124 134 129 130 123 131 130 134 135 136 140 142 141 145 158 166 186 203 207 200 184 224 228 226 227 228 230 230 230 231 231 234 232 233 233 235 234 
223 223 225 224 227 226 225 225 225 224 223 225 223 224 225 224 224 221 222 223 220 212 222 221 210 200 189 174 167 160 148 141 135 129 127 125 124 117 183 220 198 196 211 201 170 148 134 133 138 151 162 167 173 172 186 186 114 119 123 127 130 130 138 137 140 145 148 153 162 172 173 188 194 204 197 211 226 227 223 225 228 228 226 226 229 229 230 232 232 232 234 234 
225 224 225 224 226 227 226 226 225 225 223 224 226 226 225 225 224 223 225 222 218 213 223 224 212 203 198 177 167 163 149 143 136 123 125 123 122 119 178 190 169 174 190 179 166 154 128 126 131 146 148 154 150 158 172 185 112 113 118 126 130 133 137 138 143 149 154 154 168 171 176 184 194 201 200 210 227 226 227 227 228 228 227 228 228 230 228 232 232 232 232 233 
224 223 225 224 225 227 225 226 223 224 226 223 225 224 226 225 225 224 225 224 218 210 226 226 220 214 210 179 171 164 147 144 136 124 122 119 120 117 130 155 69 44 29 156 151 127 113 114 123 135 119 78 57 96 126 151 121 116 116 128 132 132 139 140 143 151 155 159 171 177 182 192 191 196 188 217 224 226 227 225 229 230 227 229 231 230 229 231 231 232 233 231 
225 223 226 225 223 226 226 225 224 226 224 225 225 225 226 225 224 226 225 225 224 206 225 224 220 215 208 181 174 166 147 143 135 125 121 119 119 117 112 124 89 88 64 128 164 134 109 111 117 69 29 26 62 81 102 122 123 118 116 124 130 133 138 139 144 152 154 158 174 179 187 191 191 194 184 218 224 225 226 227 228 228 228 229 230 231 229 231 231 231 234 232 
226 225 226 226 226 227 226 226 225 225 225 225 226 224 226 225 225 223 224 223 225 195 227 222 218 207 205 180 171 165 149 138 136 121 117 120 123 122 125 120 109 136 146 156 150 136 116 104 105 107 103 105 96 91 102 112 126 124 122 119 123 127 135 140 143 152 153 154 172 175 182 189 193 193 178 223 224 226 226 224 226 227 228 229 231 229 228 231 231 228 232 230 
226 226 227 227 227 227 228 224 225 224 226 224 227 225 225 227 225 224 224 224 223 184 223 221 216 207 205 179 174 163 148 141 136 122 121 120 128 127 129 133 122 135 157 160 153 126 101 95 100 112 107 90 82 97 110 124 127 125 124 118 122 127 131 138 140 145 149 153 173 179 178 187 190 195 160 223 224 227 226 225 224 226 230 226 230 230 226 231 229 229 230 230 
228 226 228 226 228 226 226 226 226 226 226 225 226 226 225 223 224 223 223 222 226 175 219 216 214 209 201 176 169 163 149 143 140 125 128 127 132 129 123 125 112 104 95 94 92 82 82 82 88 87 70 74 102 105 111 118 126 125 131 123 119 120 133 137 137 148 147 147 169 172 177 178 184 186 151 220 222 222 225 224 226 225 226 224 229 229 230 230 230 228 233 231 
227 227 226 227 229 228 227 226 226 226 225 224 228 226 223 224 223 224 224 222 226 175 218 216 212 208 198 177 170 162 150 146 141 124 127 124 117 109 102 96 65 52 55 64 71 70 78 80 86 67 58 56 67 82 107 116 112 124 127 125 118 117 131 134 135 143 150 145 163 170 171 178 181 182 146 221 222 224 225 225 228 225 225 226 228 230 229 229 228 230 229 230 
227 227 225 224 226 228 228 227 225 225 225 227 227 227 226 224 221 223 223 221 226 164 204 211 210 201 192 175 167 161 153 150 142 116 109 94 84 80 72 65 50 48 50 56 73 69 69 76 83 70 59 45 47 62 78 81 90 95 103 117 117 116 129 133 134 143 147 146 159 163 170 177 175 174 143 223 224 224 224 224 222 226 225 227 227 227 228 229 230 228 230 231 
228 227 228 226 225 227 228 227 225 224 225 225 225 226 225 225 223 222 224 222 225 167 193 199 197 190 187 171 161 162 155 144 117 67 56 56 50 50 54 58 65 53 58 79 91 79 53 55 72 85 70 54 60 57 62 62 55 57 63 72 79 88 115 124 130 137 140 143 152 159 160 172 175 155 150 222 222 223 220 221 222 225 225 225 226 227 228 228 230 229 228 229 
228 227 226 224 227 228 225 226 226 225 226 224 225 224 226 224 225 223 223 224 224 183 178 196 196 188 186 173 169 166 158 134 96 55 57 51 54 61 63 72 85 82 89 102 104 102 93 95 98 109 108 96 61 63 65 65 56 51 58 52 59 72 104 119 125 133 135 142 151 155 158 168 170 140 173 222 224 223 222 223 223 226 224 224 227 225 228 228 228 229 228 229 
226 228 225 225 228 227 227 225 225 224 225 223 223 223 225 226 224 225 224 225 224 213 171 189 181 178 178 174 170 167 141 94 88 55 53 56 83 105 124 127 101 89 88 88 87 85 96 94 94 93 92 86 85 103 104 103 69 59 55 47 48 56 96 118 122 130 136 136 148 146 149 161 146 138 204 221 222 222 222 222 223 225 224 226 225 227 225 228 229 228 229 228 
227 227 225 225 228 226 225 226 226 225 224 223 223 224 225 226 226 224 226 224 226 217 162 181 179 177 179 177 174 168 134 106 82 59 55 63 104 115 106 94 85 90 91 87 82 81 93 89 85 88 87 86 86 79 91 108 94 70 59 47 55 51 85 114 120 127 132 132 142 139 141 163 146 168 215 219 223 221 224 225 222 224 224 223 227 226 227 227 226 226 229 227 
226 226 222 223 226 226 225 226 223 224 223 223 224 223 225 226 226 224 225 223 225 224 195 156 165 168 171 173 172 171 147 111 97 66 52 32 36 45 72 75 65 58 55 45 39 43 56 58 57 53 43 43 53 57 57 54 58 37 34 37 47 64 79 114 124 129 132 128 130 128 137 140 122 199 221 219 219 221 221 223 220 224 225 224 224 226 226 225 225 227 227 228 
228 223 224 224 225 226 227 225 227 225 227 224 226 225 226 225 227 224 225 222 225 222 211 151 166 157 162 168 175 172 154 115 105 68 58 48 54 84 139 151 132 114 100 79 70 61 58 55 61 74 77 90 95 103 104 95 81 59 50 40 52 67 96 110 123 129 135 130 128 127 133 124 163 219 221 218 218 220 221 223 225 222 225 223 224 227 225 226 226 224 226 226 
224 225 226 226 225 225 225 225 228 225 226 224 226 224 225 225 225 224 226 222 226 225 221 209 153 138 156 165 166 170 154 122 106 79 74 84 110 154 161 158 174 151 130 106 99 102 104 99 99 110 114 118 120 124 117 112 112 95 82 50 64 72 102 120 129 129 129 119 118 127 135 150 209 216 221 221 221 218 222 221 222 222 224 223 225 227 225 226 225 224 226 222 
224 223 225 224 228 226 226 224 225 225 225 224 224 225 225 224 225 225 223 222 224 225 222 223 144 163 166 166 165 164 151 127 102 73 84 90 127 150 162 156 137 136 142 103 97 99 103 101 102 106 108 108 116 115 114 114 112 104 92 65 72 75 103 120 128 124 121 116 126 131 129 196 214 216 218 219 219 220 221 221 222 222 223 224 223 224 222 225 224 223 224 224 
224 226 226 226 225 227 224 225 224 225 226 225 227 225 225 225 223 221 223 222 225 223 223 222 149 149 161 159 161 159 139 119 106 81 91 95 137 147 157 155 139 135 124 116 105 101 105 106 100 99 101 104 110 112 112 112 112 109 103 69 73 78 101 119 117 118 114 109 124 127 102 211 215 216 220 221 221 219 220 223 223 224 223 222 221 223 222 224 224 223 225 223 
226 224 227 225 226 225 225 225 222 221 225 223 226 223 224 224 225 222 224 223 222 222 223 220 202 119 127 152 152 153 128 116 108 85 92 100 130 139 140 142 123 114 111 87 81 77 83 84 85 86 89 88 90 97 104 109 115 113 105 72 75 79 92 102 108 105 107 109 110 99 172 219 216 216 217 219 221 220 219 220 222 223 223 221 222 222 220 222 222 222 224 225 
225 225 224 226 225 223 225 223 224 224 224 224 223 225 226 225 222 222 220 221 221 221 221 219 221 199 134 147 152 148 132 118 98 86 87 100 121 130 130 132 116 107 100 79 68 61 59 54 40 33 41 50 80 95 102 106 114 111 90 66 75 77 91 97 99 100 98 104 90 159 212 218 216 216 215 221 217 219 220 222 220 223 221 221 220 222 221 223 222 222 221 224 
225 225 226 225 226 222 223 223 223 225 225 222 223 223 224 223 223 221 222 222 223 222 220 221 222 220 189 125 142 138 120 97 82 74 72 65 103 108 118 118 108 99 98 81 71 71 67 61 50 49 60 59 83 100 107 112 108 101 71 59 61 58 80 89 84 84 93 81 95 199 216 219 217 213 218 215 224 217 221 220 221 220 222 219 222 221 219 220 221 218 223 222 
225 227 226 226 226 224 224 224 222 223 224 222 224 222 223 224 226 224 223 222 223 224 223 222 221 224 210 85 123 132 106 91 81 57 70 62 73 95 111 117 109 108 102 93 93 85 79 75 72 81 87 89 97 101 107 109 100 90 73 59 49 54 79 82 79 87 77 71 51 111 198 216 215 218 215 220 215 222 220 221 217 221 219 222 220 220 220 220 222 222 219 219 
226 227 226 226 227 224 226 224 221 219 216 197 193 190 177 174 170 162 163 164 163 158 169 173 171 175 157 110 80 68 74 64 68 51 48 39 47 61 85 101 113 109 112 107 105 100 90 90 91 100 104 105 109 107 106 107 92 79 66 49 53 47 63 72 71 54 54 104 126 75 50 157 169 193 200 218 217 215 218 220 221 218 219 219 220 221 221 220 222 219 219 220 
226 224 226 222 223 215 206 193 172 165 162 152 153 146 147 149 148 151 154 151 152 161 165 168 189 163 136 114 123 72 71 61 61 39 43 37 54 54 79 91 109 117 118 105 101 98 86 90 87 93 100 104 110 109 98 99 79 73 63 46 49 49 60 61 54 47 95 141 124 112 59 125 149 164 165 115 170 177 214 218 218 216 218 217 218 217 219 219 220 218 219 219 
212 200 176 167 165 159 155 150 146 142 143 136 139 136 133 134 134 135 137 140 145 149 166 176 124 140 138 141 148 56 81 60 56 57 55 40 50 52 67 83 95 103 105 91 83 79 70 80 79 80 84 90 97 91 87 80 78 67 49 47 47 42 51 49 43 100 129 148 114 115 100 72 138 132 140 119 86 127 157 167 168 209 216 215 218 217 217 217 218 218 217 217 
180 177 164 154 152 144 142 138 136 139 136 132 133 132 130 128 129 130 134 134 144 127 167 175 113 151 124 148 86 32 124 66 53 59 55 52 51 54 74 74 76 83 98 82 76 73 66 74 71 70 76 80 82 74 76 75 68 56 49 44 48 41 49 43 65 113 140 143 113 113 94 75 140 141 121 142 93 89 148 164 158 170 173 175 206 216 214 217 219 219 217 218 
163 155 147 142 139 135 134 132 128 127 129 126 126 125 123 124 127 124 127 136 128 146 166 125 149 128 141 49 29 61 158 151 63 41 40 52 51 52 60 54 60 72 79 70 71 67 63 59 56 58 63 62 58 63 57 63 56 50 41 41 42 31 55 74 96 117 128 131 111 101 85 65 104 138 118 120 115 65 148 146 152 136 122 151 162 165 170 172 174 178 202 214 
154 147 139 135 135 131 130 126 126 124 125 123 125 124 124 123 123 122 126 132 106 146 148 112 135 134 154 26 43 80 162 168 111 38 47 49 47 58 61 54 49 59 60 54 67 61 41 47 60 55 55 59 47 54 54 58 55 52 49 35 42 43 86 94 105 122 125 134 109 92 80 54 114 131 108 107 137 88 147 134 120 134 114 132 149 156 157 161 164 166 173 176 
147 139 135 133 131 125 125 124 121 120 123 118 120 123 125 122 123 123 136 121 84 156 125 103 123 153 138 30 59 101 159 170 157 47 50 48 55 52 49 44 56 51 46 59 55 56 42 46 51 47 50 54 48 50 46 51 50 49 44 31 40 68 97 100 102 115 124 128 100 89 80 48 84 131 97 100 116 97 125 148 148 107 104 127 148 150 150 154 155 158 165 170 
134 132 128 125 123 124 121 119 118 118 116 117 119 122 125 123 125 129 114 83 101 118 102 153 146 139 45 60 93 132 170 172 163 139 90 42 43 45 37 36 40 37 32 36 35 38 38 35 34 35 33 37 35 34 38 38 35 33 31 49 74 86 100 102 107 112 116 121 86 85 75 57 65 105 114 113 119 113 104 142 132 135 123 135 142 145 145 145 145 146 151 151 
136 132 126 121 124 121 122 116 116 114 116 114 115 120 124 122 124 122 95 79 112 106 124 141 152 90 34 83 103 137 172 171 167 144 133 65 32 40 28 31 36 27 33 31 36 33 27 27 24 32 34 26 30 32 34 31 33 30 43 80 95 92 97 101 106 111 115 115 79 85 76 64 59 107 117 108 118 114 116 133 125 131 119 131 140 143 142 144 145 144 147 143 
127 123 125 119 122 118 115 113 113 113 113 113 118 118 121 125 127 92 78 106 127 124 136 125 109 30 43 91 120 142 172 170 170 150 145 134 74 33 29 27 32 29 27 27 26 25 24 23 25 24 30 26 23 25 30 28 42 74 90 90 95 97 101 101 111 109 109 105 79 84 79 70 62 108 126 98 117 133 103 131 129 123 115 131 138 142 142 142 142 141 145 143 
124 121 118 119 121 114 113 115 115 111 114 114 120 118 121 124 130 82 89 113 116 148 130 143 59 36 55 94 118 143 172 168 164 152 145 137 126 100 75 34 33 27 24 28 28 28 19 24 23 26 23 25 23 26 29 31 70 87 96 93 96 94 103 105 107 106 105 102 78 76 79 63 65 106 122 100 123 135 96 124 122 116 120 128 136 137 140 142 140 139 143 145 
123 122 117 119 119 114 115 116 112 114 113 114 115 117 124 125 111 95 108 117 108 127 125 154 32 55 88 100 126 138 170 168 166 154 146 140 129 124 123 119 103 95 77 66 72 84 66 51 39 37 41 48 47 62 82 81 85 94 90 89 98 100 97 100 102 106 103 90 81 85 82 71 71 106 120 105 115 129 90 120 121 106 118 126 132 134 137 139 136 138 143 140 
121 121 119 117 116 115 115 117 115 111 112 114 118 120 121 119 101 99 111 103 106 117 141 148 43 69 91 102 127 131 165 167 161 155 147 140 129 126 124 114 112 102 97 95 91 86 78 79 78 72 68 75 80 80 85 94 89 92 91 99 99 99 100 98 103 96 96 80 92 89 88 69 73 107 123 106 116 132 88 120 121 108 111 130 134 135 135 135 139 138 140 139 
118 116 118 117 121 114 114 115 113 114 113 114 116 119 118 100 87 106 104 106 140 120 156 108 69 99 105 104 123 128 159 163 160 155 150 143 131 127 117 113 110 104 101 91 91 90 82 81 82 90 88 85 92 91 93 92 90 91 94 97 98 102 95 94 95 93 83 68 92 91 87 78 76 117 109 106 115 128 87 128 115 111 122 128 129 137 132 136 136 137 137 139 
116 117 117 116 117 115 116 117 115 111 115 117 115 118 112 94 94 102 102 107 154 137 155 90 92 105 105 105 120 126 156 161 157 155 150 143 132 124 118 113 109 107 102 92 89 90 85 84 87 85 87 89 93 91 92 94 90 92 91 97 97 97 98 98 96 86 75 69 96 90 88 77 83 118 114 110 117 136 89 127 118 106 121 127 130 126 134 137 139 136 138 136 
120 118 117 115 118 113 115 115 114 113 113 112 116 119 108 87 94 109 94 127 149 144 149 66 99 113 109 108 119 125 149 159 157 156 149 142 132 125 117 112 105 101 101 92 92 90 88 89 86 87 83 86 90 92 93 91 88 93 93 93 97 98 95 94 96 80 71 86 98 97 92 70 83 114 115 110 122 140 90 126 120 103 111 128 129 134 132 137 140 136 135 137 
119 112 119 114 115 119 115 118 114 115 113 116 118 118 93 88 104 93 101 145 138 165 124 55 120 122 116 113 117 120 118 152 158 152 150 144 132 124 117 112 100 98 99 92 91 90 91 90 88 89 90 88 88 89 89 88 88 88 91 93 96 95 94 91 91 72 80 101 100 103 99 81 91 110 111 108 114 133 102 123 113 104 113 122 134 135 133 137 140 138 138 135 
117 117 119 116 116 117 116 115 113 111 114 115 116 118 92 97 106 81 108 147 121 153 109 56 121 126 116 111 119 118 107 143 154 156 153 145 131 126 117 113 102 95 96 93 93 92 88 90 89 89 91 88 88 90 91 88 87 90 93 92 95 97 94 95 88 69 91 102 107 102 102 83 99 111 108 109 118 133 96 127 121 104 114 126 137 132 135 137 137 136 138 137 
116 116 120 117 120 120 118 118 117 113 114 119 121 112 96 104 104 89 127 138 104 164 87 48 124 125 121 116 117 118 93 123 144 155 156 148 136 127 118 114 100 99 94 88 92 94 86 88 87 90 87 86 87 84 89 89 89 87 87 90 89 93 94 97 92 87 104 101 106 106 104 85 114 115 110 112 120 137 101 123 113 113 107 123 129 129 136 137 135 137 137 134 
117 116 118 122 119 122 120 117 116 115 115 120 121 106 101 105 94 68 138 144 106 159 72 50 127 125 123 116 119 117 94 113 139 153 157 151 138 132 122 117 104 98 95 90 91 93 90 92 89 86 87 92 89 87 88 88 88 87 93 91 90 90 92 95 81 103 105 105 107 104 106 86 110 109 109 113 114 132 115 125 122 108 116 123 123 131 133 136 135 136 135 136 
116 116 119 119 123 120 121 120 119 117 119 124 119 106 118 107 106 92 150 126 90 158 60 56 125 130 127 128 127 120 87 111 128 147 149 149 145 139 130 122 109 101 98 94 95 98 97 95 93 90 93 91 93 90 90 88 87 88 90 94 95 98 99 86 77 105 107 109 113 110 111 92 106 108 111 116 119 125 118 123 119 105 112 116 124 126 125 135 133 131 133 133 
118 117 120 122 122 119 120 118 119 114 119 124 114 99 116 103 105 103 148 124 96 153 61 53 123 128 131 129 130 127 88 111 131 140 142 145 146 143 134 131 111 108 104 91 98 97 93 95 90 95 96 93 87 93 92 91 90 90 92 97 100 98 102 82 81 110 109 115 114 113 109 93 107 105 107 119 120 124 118 122 113 112 107 116 125 126 126 137 133 133 134 132 
116 117 125 120 122 125 122 118 117 115 121 119 111 106 107 106 79 117 137 107 94 141 60 52 123 132 129 137 139 140 91 115 124 132 133 137 137 139 137 134 122 115 114 107 107 98 101 100 98 95 96 95 90 91 93 94 98 99 102 101 107 102 84 78 106 113 117 119 119 116 115 103 109 106 111 113 117 114 121 121 118 107 111 114 115 124 122 135 136 132 132 131 
117 120 115 121 122 120 123 122 117 118 122 118 109 113 99 110 83 112 141 107 103 149 60 57 121 132 130 137 144 140 85 115 128 129 130 135 138 136 136 132 124 121 118 112 110 108 105 103 101 100 96 96 97 98 100 102 101 100 103 106 107 110 76 93 111 117 118 118 122 118 112 112 110 113 115 121 128 116 125 118 115 115 113 118 125 121 122 134 133 135 134 132 
119 112 123 121 127 124 123 126 118 118 125 107 111 110 100 106 51 123 128 104 103 138 63 60 124 129 131 138 144 143 82 112 125 128 129 128 135 134 133 132 126 122 123 117 111 111 108 107 105 98 101 104 99 97 104 101 104 109 109 107 111 110 81 99 109 117 118 120 125 119 115 104 111 114 118 109 133 110 127 124 114 111 117 112 118 122 122 134 129 131 138 132 
121 118 123 124 125 123 123 123 122 124 129 101 111 100 122 98 30 133 125 110 111 134 63 58 109 122 125 136 139 139 90 111 120 127 127 126 125 131 127 130 128 126 123 118 114 113 108 105 107 108 107 106 107 107 108 106 108 108 112 112 115 112 104 119 119 119 125 125 125 118 107 112 109 114 114 115 134 101 121 109 111 115 113 110 121 117 123 129 130 127 132 129 
119 127 125 127 123 127 119 125 119 122 129 106 111 103 120 90 39 139 126 105 110 132 63 60 117 116 118 129 138 137 97 103 120 128 121 127 127 126 126 126 130 127 127 118 118 116 100 107 107 104 107 106 106 108 110 108 111 113 113 116 114 106 116 119 116 122 122 123 120 111 104 103 108 115 116 113 124 101 122 110 110 114 115 117 115 120 122 127 131 129 131 133 
122 123 127 122 128 126 123 124 120 124 119 108 111 110 114 31 35 133 121 103 111 119 57 57 114 114 125 127 137 144 102 85 120 129 126 127 125 123 122 123 126 126 126 124 121 115 108 113 107 111 111 108 112 111 109 110 113 114 119 116 115 90 121 120 123 118 128 121 119 101 105 105 111 111 116 108 122 72 126 118 110 110 113 113 111 112 117 124 123 124 128 122 