
166 149 126 129 136 120 111 120 222 221 221 222 220 220 220 222 222 223 222 222 221 221 231 232 228 231 231 232 237 239 238 237 237 237 238 238 237 235 233 234 231 231 233 228 227 225 226 226 227 228 228 226 226 227 223 224 222 219 219 220 220 219 218 218 218 216 218 218 217 216 219 216 216 215 217 217 218 219 217 219 219 217 220 218 221 219 216 218 217 218 217 216 
107 139 129 135 125 131 117 122 224 220 221 221 221 219 223 221 222 225 224 223 223 222 226 230 228 229 230 232 236 238 237 235 236 237 237 235 236 233 234 231 232 233 231 227 227 227 227 227 229 229 229 225 226 226 223 222 221 221 221 220 220 219 219 219 219 219 219 218 220 218 218 219 217 217 218 218 220 220 218 218 219 218 219 219 219 219 220 219 220 219 218 217 
113 122 129 137 128 140 121 120 198 224 224 223 222 221 221 222 223 222 223 222 224 224 225 231 230 229 230 232 235 238 238 236 236 235 237 236 238 234 234 234 233 232 232 228 228 225 227 228 228 227 228 227 225 225 224 223 221 219 221 221 221 221 221 219 218 217 220 219 220 218 216 217 220 217 217 217 218 219 216 218 218 217 219 217 220 220 221 219 221 217 219 216 
109 113 146 131 126 137 139 117 126 227 226 221 224 221 222 223 224 223 223 223 222 223 225 232 231 229 230 232 234 236 238 236 234 235 236 236 237 235 234 234 230 231 232 228 227 226 227 226 226 227 228 226 225 223 224 221 219 219 220 221 220 220 219 219 219 220 219 221 219 219 218 218 218 216 220 216 218 218 220 219 218 217 217 217 219 217 218 217 216 217 218 219 
110 110 148 131 130 132 139 122 116 214 228 222 226 222 222 222 223 222 225 223 221 224 223 227 230 231 231 230 233 235 237 236 236 234 235 235 239 235 235 234 233 229 232 228 228 226 225 225 227 226 229 227 225 224 225 223 220 218 221 221 220 219 220 220 220 219 220 219 220 219 220 217 217 217 219 215 219 216 220 219 218 217 217 216 217 218 217 217 217 217 217 217 
114 115 131 128 129 131 134 132 115 168 229 224 225 224 222 221 223 221 222 222 224 224 223 226 231 229 233 231 233 235 238 237 236 234 237 235 237 236 236 235 232 230 231 229 229 226 225 225 226 227 228 228 224 224 224 223 221 219 223 221 221 221 219 220 221 218 219 219 220 219 216 218 220 216 218 216 218 217 219 219 219 216 217 216 217 217 217 218 217 218 218 217 
120 114 119 135 136 127 139 129 117 114 223 224 226 222 222 221 221 221 221 220 223 223 224 225 232 230 232 229 232 233 238 237 238 235 236 235 238 235 235 234 232 231 233 229 229 226 225 226 227 227 230 228 224 224 222 221 221 221 220 221 221 221 218 218 219 219 219 218 219 219 218 218 218 217 218 216 216 217 216 218 219 219 217 216 220 218 218 216 216 216 217 217 
120 120 118 119 145 130 136 126 114 118 198 227 226 223 224 223 221 223 221 222 223 223 222 225 231 230 230 232 231 234 237 238 237 237 238 237 238 236 235 233 233 230 231 230 228 226 225 225 227 228 228 226 227 224 222 221 221 220 221 220 222 219 220 218 219 219 219 218 221 219 218 218 216 218 218 216 216 215 216 217 216 217 217 217 217 218 219 216 217 216 220 220 
118 118 117 121 136 131 123 126 113 156 145 228 226 225 224 223 222 221 224 222 225 223 222 224 229 229 228 229 233 234 237 237 238 237 236 238 236 237 234 232 233 231 232 229 231 226 227 226 227 228 228 229 223 224 222 221 220 218 220 218 219 219 220 222 221 219 219 218 219 218 216 218 218 217 218 218 217 218 216 216 215 216 218 215 217 218 216 217 217 215 219 218 
116 119 116 114 135 127 120 125 155 142 143 230 226 226 224 223 223 222 223 221 223 223 223 221 229 230 230 230 231 235 236 238 235 236 236 235 236 236 233 233 232 231 229 229 230 225 225 226 224 225 229 224 225 221 225 220 219 220 220 220 218 219 221 220 221 219 217 218 219 219 218 217 217 217 217 217 219 217 217 215 217 216 217 216 216 216 216 216 216 215 219 218 
144 116 113 113 140 122 126 129 157 148 136 230 227 226 223 224 223 223 222 223 222 222 223 222 229 230 231 231 231 230 236 237 237 232 236 236 238 234 235 232 233 232 229 229 228 226 226 226 226 226 226 229 223 224 222 222 220 220 220 218 218 220 218 218 220 220 217 217 218 219 220 216 220 218 218 215 217 216 217 218 215 215 218 214 216 215 216 216 214 215 216 217 
145 118 107 112 126 120 130 133 154 151 132 198 228 228 224 224 222 223 224 223 224 222 222 222 226 232 230 231 230 232 235 237 238 238 236 235 237 236 238 236 234 233 231 230 229 231 227 227 227 228 229 228 224 225 224 221 221 220 220 218 220 220 219 218 219 219 219 219 219 217 219 215 217 217 216 215 216 218 216 215 214 217 214 215 216 216 216 215 215 215 216 218 
141 110 110 104 99 127 147 160 158 148 130 151 230 230 226 226 226 222 224 222 225 224 223 225 224 228 231 230 231 229 234 236 240 237 236 237 235 238 236 235 234 230 218 233 233 228 228 229 229 228 230 229 229 227 226 225 222 220 221 219 220 218 219 220 219 218 221 218 219 217 216 216 217 215 215 216 216 216 216 216 217 214 216 215 217 216 215 216 216 216 218 217 
137 109 111 102 103 139 172 155 155 155 126 144 192 230 225 226 224 222 224 223 225 223 222 224 224 230 230 230 230 230 233 235 236 235 234 234 232 230 221 228 231 229 211 210 213 228 225 227 226 228 227 222 221 223 223 212 217 220 219 218 220 220 220 218 219 218 218 219 215 217 217 216 217 216 217 215 217 216 216 217 216 214 215 215 217 216 217 218 216 215 218 215 
135 110 104 99 102 143 166 158 151 149 150 145 142 232 226 226 225 225 224 222 224 223 224 222 224 227 232 230 230 230 231 234 239 235 238 234 228 233 223 221 221 212 172 117 151 200 197 185 194 137 182 180 218 202 217 214 218 210 220 221 219 221 218 219 219 216 220 216 218 218 216 217 216 217 217 216 215 215 218 217 216 215 214 214 215 217 216 215 216 214 218 212 
137 110 97 102 108 145 141 160 152 152 153 166 152 219 229 227 226 225 226 225 224 224 224 223 223 222 228 227 230 228 230 229 227 168 89 85 63 57 74 72 100 84 97 57 58 65 54 72 62 62 63 62 59 73 67 66 125 171 192 210 216 217 218 216 217 217 217 218 219 216 217 215 215 214 216 215 214 216 215 215 215 214 215 215 215 215 215 215 215 214 215 216 
130 112 101 103 128 142 140 152 152 151 151 174 125 186 227 231 225 224 224 224 224 224 224 224 224 223 228 228 230 229 232 222 178 93 74 55 64 51 50 65 49 48 47 46 54 59 56 64 65 58 49 64 66 58 52 71 97 93 123 188 201 211 221 220 217 220 219 218 219 215 215 216 215 213 214 213 215 217 216 215 215 215 215 215 216 216 214 214 215 215 215 214 
121 116 110 134 140 135 141 142 149 153 150 138 153 94 230 229 226 226 225 224 226 224 225 224 224 221 227 226 218 223 105 74 60 45 45 41 43 38 34 35 36 35 31 36 51 54 46 39 36 50 55 60 50 41 55 56 53 66 67 80 81 144 128 204 214 217 216 216 214 215 213 215 214 215 215 214 216 214 215 214 215 213 212 215 214 216 214 215 214 214 212 210 
118 117 147 153 135 141 137 141 152 153 154 149 98 106 231 231 227 224 224 223 226 224 224 224 224 223 222 204 150 115 70 52 52 54 59 48 39 37 42 36 30 29 36 42 55 48 38 32 34 49 52 53 43 34 39 58 48 59 61 64 83 82 96 126 194 215 217 214 219 213 218 215 213 211 214 214 215 216 214 215 214 212 213 213 212 214 212 211 211 210 211 210 
121 121 164 155 154 144 140 135 136 145 164 106 85 122 231 230 227 226 226 226 225 226 224 224 220 211 206 121 86 52 45 39 44 29 33 35 34 27 30 28 24 22 29 31 39 34 24 22 22 31 40 37 40 37 24 27 37 51 47 69 65 63 82 43 65 94 150 170 207 214 209 210 209 208 209 210 212 210 210 211 209 210 211 211 211 211 211 211 210 209 210 210 
123 122 152 151 161 145 140 134 133 141 166 83 95 124 235 230 228 224 228 226 227 226 227 224 219 203 162 70 65 47 38 45 56 39 38 32 25 26 24 26 30 22 29 32 27 33 24 19 23 26 28 32 48 28 27 29 40 51 50 77 54 66 61 46 54 73 67 128 207 209 212 211 210 209 209 209 210 210 209 209 209 210 210 210 211 210 210 211 212 209 210 208 
125 167 150 152 154 147 142 135 140 141 157 120 121 111 145 234 228 225 228 228 228 224 225 221 192 110 76 48 39 47 26 33 31 22 24 31 21 21 22 23 20 21 29 30 23 26 22 23 21 21 31 27 41 28 23 27 42 45 64 31 40 38 52 79 60 63 67 43 96 130 168 203 209 211 210 211 212 212 214 213 212 211 210 209 213 211 211 211 211 210 210 210 
152 155 150 151 153 162 139 137 139 143 138 106 133 105 133 234 229 226 227 227 229 226 222 221 91 65 76 41 29 35 27 28 27 16 18 17 20 22 20 18 21 25 29 22 30 27 22 22 19 20 21 23 30 23 25 28 39 58 38 26 34 44 53 82 67 75 56 41 55 80 130 211 209 210 212 212 212 212 213 213 213 210 212 211 212 211 213 211 211 209 211 209 
159 150 150 150 156 161 144 136 140 147 107 122 140 103 111 218 231 227 227 227 226 222 222 219 72 52 51 41 34 27 22 23 23 15 18 16 18 14 18 13 18 17 26 22 27 30 21 22 21 16 24 24 20 27 24 22 38 42 36 30 40 40 67 89 36 66 54 35 47 77 99 120 204 208 210 211 213 213 212 213 213 211 210 210 213 212 214 212 211 211 210 209 
151 149 151 153 157 155 155 164 139 145 107 127 126 151 108 130 229 228 229 229 227 215 143 95 59 51 43 31 28 28 25 17 18 25 25 23 18 18 16 17 18 23 20 16 15 20 20 21 21 20 23 23 25 28 21 25 28 22 26 28 38 35 40 52 54 48 75 40 47 127 118 51 47 120 207 215 210 214 214 213 212 212 212 211 214 214 213 213 212 212 211 212 
150 151 153 152 157 159 156 156 152 125 118 122 122 152 110 140 220 230 230 229 229 166 130 79 68 49 38 31 27 24 28 27 24 30 23 39 17 29 19 18 19 23 21 17 18 19 20 21 19 18 23 19 25 23 20 23 26 27 30 28 34 27 34 39 43 48 39 41 40 91 115 51 59 80 182 215 212 215 214 213 213 212 213 212 213 213 215 212 212 210 212 210 
161 157 153 157 159 160 159 154 176 111 123 129 136 146 126 127 142 229 230 229 218 150 48 50 48 38 37 25 23 21 24 25 30 27 41 30 24 26 24 27 25 23 22 17 20 23 16 16 18 15 20 24 19 17 18 17 27 32 29 34 31 25 35 45 58 37 45 43 60 61 47 60 59 86 94 218 216 215 216 213 214 212 213 213 214 213 212 213 212 211 214 215 
130 148 154 156 160 156 157 156 137 137 116 128 147 118 135 131 141 229 230 223 218 59 40 49 50 39 30 27 19 23 16 31 33 24 30 34 26 27 27 33 30 26 24 18 21 22 21 16 17 18 18 19 16 18 17 17 22 22 29 33 31 33 33 40 45 45 35 26 63 45 49 52 48 66 87 206 215 217 215 214 213 214 213 214 212 213 213 213 213 213 213 214 
132 130 164 162 159 158 157 166 92 98 115 137 131 121 146 135 143 228 233 224 158 49 38 42 39 30 23 31 29 39 29 34 30 25 25 32 25 24 25 30 21 20 22 19 23 21 18 19 15 17 18 16 19 18 19 22 25 25 26 21 24 29 22 23 40 56 41 32 39 43 53 37 54 66 62 191 220 217 215 215 216 212 215 213 215 212 213 213 214 213 213 212 
129 134 140 168 161 156 159 171 90 102 99 151 125 122 166 135 134 232 229 215 71 43 44 37 39 38 23 30 39 36 29 25 23 22 23 27 40 33 36 31 25 31 26 21 23 19 18 19 16 18 17 19 22 18 20 24 26 26 26 25 33 29 21 23 28 30 25 32 33 39 37 46 45 69 51 190 219 218 216 216 215 213 214 212 214 214 213 212 215 214 214 214 
130 134 140 139 163 160 170 176 93 96 96 139 124 126 146 152 130 159 229 122 75 35 38 32 33 31 32 22 24 29 16 17 22 20 24 26 32 31 26 29 28 26 29 21 25 25 27 31 33 41 39 42 44 45 44 38 35 33 30 24 28 35 45 40 24 44 34 21 25 25 30 44 69 56 78 173 197 203 215 214 216 215 215 215 216 215 214 215 215 213 215 213 
133 135 137 141 146 161 182 124 92 86 93 130 124 143 160 136 139 138 215 115 52 45 36 37 34 32 27 18 25 27 22 22 22 23 26 25 45 29 32 30 25 26 27 32 32 35 35 38 42 50 54 59 59 53 53 45 49 43 50 26 24 29 36 59 39 36 30 30 28 30 33 57 80 83 92 210 202 214 217 215 215 215 215 214 216 216 214 215 215 214 214 215 
134 136 138 144 149 184 161 96 84 94 131 123 137 172 173 157 140 163 148 92 49 38 34 40 38 34 29 23 22 28 34 36 36 39 35 35 36 45 32 29 40 37 40 48 55 63 63 65 72 65 70 76 78 80 79 79 73 71 67 50 43 35 35 38 51 30 21 26 42 41 30 40 49 63 116 213 214 219 217 216 216 216 217 217 216 216 217 217 215 215 215 216 
132 133 140 147 154 183 119 89 85 116 133 114 172 172 162 173 129 144 95 58 39 30 36 30 41 40 26 25 26 34 39 45 49 50 46 43 36 37 41 41 38 50 50 65 70 73 71 70 70 82 85 84 87 89 88 88 82 81 77 58 48 40 39 50 69 29 30 23 43 58 69 45 47 52 67 215 217 217 217 216 216 216 217 216 218 216 217 217 216 214 216 214 
136 137 141 143 149 186 133 104 92 120 131 107 160 184 157 167 132 97 113 53 30 38 29 26 37 30 24 25 30 38 45 46 51 55 51 45 45 43 41 43 58 56 63 81 86 86 91 88 89 91 93 94 95 94 94 96 94 91 92 76 63 48 38 40 56 52 38 36 30 63 81 48 43 42 54 217 218 216 217 215 216 215 216 215 218 217 215 216 216 217 216 215 
136 137 142 151 159 121 112 109 138 124 120 156 154 165 161 146 157 113 81 41 38 40 31 29 29 30 24 37 40 60 68 66 62 50 61 70 78 73 77 82 81 86 89 99 103 102 104 104 105 106 106 106 107 108 107 110 110 120 118 133 132 97 61 40 42 52 49 47 32 34 51 50 42 56 48 210 216 218 216 214 216 215 216 216 218 219 218 218 217 218 217 214 
135 138 150 150 164 113 109 112 156 134 122 160 156 145 155 141 178 127 54 52 37 33 27 27 27 25 30 46 68 80 88 72 79 85 87 92 91 96 96 94 89 88 96 103 107 106 107 108 109 108 109 106 110 107 108 113 120 120 126 134 141 145 96 71 65 58 47 31 31 37 41 53 45 55 52 157 216 218 214 215 216 215 216 215 216 218 219 217 218 216 219 216 
140 138 145 156 175 116 111 119 146 136 110 150 148 170 153 149 140 123 69 55 39 31 36 28 28 33 38 84 104 105 112 102 101 105 110 108 109 105 99 103 101 100 103 109 113 114 117 115 116 115 116 114 115 115 115 117 123 123 129 151 157 164 166 165 160 124 78 37 25 35 30 48 47 45 56 102 214 221 217 216 219 216 217 217 219 218 219 219 217 216 217 218 
169 149 147 166 150 117 119 121 154 146 109 147 148 174 152 170 123 128 70 55 40 29 28 30 30 41 48 106 108 109 108 105 102 107 109 111 108 107 103 106 104 106 105 111 114 114 117 117 116 117 118 119 118 119 119 119 122 127 133 148 153 161 166 168 170 133 102 54 24 22 25 37 41 48 51 117 215 219 220 218 218 218 217 217 219 219 218 218 219 217 217 217 
164 167 159 164 122 118 119 128 131 130 194 140 158 140 146 141 144 172 90 55 48 34 30 39 43 48 75 116 120 118 114 115 112 114 116 117 117 121 121 123 119 117 116 118 118 118 121 121 121 125 124 124 126 126 126 128 130 132 138 147 156 163 168 169 173 159 130 96 33 33 34 69 53 40 61 171 220 220 219 216 218 218 217 216 219 218 218 218 219 218 218 218 
163 173 167 136 119 115 130 127 133 130 190 145 145 131 162 126 146 144 122 54 48 27 31 34 44 58 97 116 121 118 121 117 116 114 118 118 126 128 129 128 129 126 126 122 123 122 124 124 125 127 126 128 130 128 127 129 132 135 137 147 151 157 166 168 167 157 138 108 50 43 41 56 52 53 64 209 218 222 216 216 217 218 219 218 220 217 218 219 218 218 219 218 
160 160 166 141 119 126 131 160 130 189 168 166 136 139 149 137 138 168 234 76 51 33 33 45 68 104 114 120 118 116 118 117 120 126 132 132 137 137 136 134 134 131 130 130 127 129 127 127 126 129 128 130 132 133 132 131 135 139 143 152 154 156 165 163 163 157 150 134 81 55 53 56 55 62 71 221 220 220 217 217 217 218 218 218 218 217 219 218 219 219 218 218 
162 167 107 117 146 121 142 157 140 175 163 145 133 138 170 119 143 86 82 52 56 32 27 37 104 110 121 117 116 114 118 125 128 131 137 135 135 136 133 135 133 130 128 128 131 128 128 128 127 127 127 128 131 133 132 134 138 143 147 156 158 158 162 161 160 152 152 148 100 62 57 70 57 49 84 217 221 219 217 217 219 219 218 218 217 218 219 220 218 219 219 216 
160 168 99 96 97 139 145 159 177 171 163 138 128 138 156 136 135 101 135 98 45 39 36 49 111 118 120 116 116 111 125 129 128 133 137 134 133 134 132 130 124 126 129 127 131 128 127 126 127 127 125 127 129 129 129 130 138 145 148 157 158 158 157 157 157 153 152 155 146 89 52 61 52 70 70 223 220 219 216 217 217 218 220 217 218 217 218 219 218 218 217 217 
163 190 100 97 100 125 165 150 172 164 183 133 131 169 97 157 166 173 226 194 55 32 41 93 122 119 122 118 120 114 113 115 119 119 117 113 120 116 118 111 111 112 116 119 123 122 121 120 118 119 121 118 121 120 119 118 121 121 124 129 132 131 133 134 139 146 157 158 167 152 100 63 73 76 112 222 218 219 218 216 220 217 218 217 218 217 217 217 218 217 217 217 
173 153 97 92 99 129 177 138 172 168 197 131 137 166 126 152 238 220 228 210 58 43 48 108 125 118 116 91 95 93 107 104 103 92 91 94 104 96 85 97 101 102 107 113 116 117 113 112 113 113 115 115 110 110 110 110 111 110 107 110 105 111 125 116 121 130 155 158 168 164 128 52 70 52 188 221 219 219 217 216 217 217 218 216 217 218 217 217 217 217 218 216 
195 109 98 95 102 149 126 189 166 192 165 162 192 117 138 247 249 231 234 225 146 43 84 124 117 94 66 59 46 49 45 45 39 43 41 37 38 46 54 57 72 77 86 102 101 102 105 105 108 110 101 97 87 81 73 63 52 45 40 45 47 51 48 63 59 62 71 116 162 160 162 54 57 116 222 221 221 219 218 217 218 215 218 218 218 218 219 217 217 217 217 217 
150 108 96 99 101 139 122 190 172 197 160 190 192 96 190 250 249 239 244 239 205 48 100 127 87 65 55 46 43 41 38 30 36 29 30 35 36 40 45 48 65 68 86 97 94 98 103 104 107 99 86 79 61 49 46 42 31 28 31 21 34 39 41 45 61 61 68 82 164 165 165 60 49 159 219 219 220 220 219 218 218 218 218 218 218 218 218 218 217 217 217 217 
108 103 101 103 110 130 173 148 200 171 160 191 144 126 249 252 246 249 247 243 248 42 125 124 96 86 71 62 60 55 37 34 30 29 29 27 34 40 44 45 55 64 73 85 95 97 100 98 97 71 60 49 41 34 33 30 24 23 22 27 28 22 48 62 74 86 80 88 123 160 165 74 83 218 219 220 219 219 218 218 218 218 218 219 219 218 219 217 216 217 218 217 
108 99 103 98 133 136 160 147 208 161 155 193 128 111 251 252 248 248 251 248 251 57 125 126 102 96 92 91 86 79 72 66 59 52 48 43 37 50 54 49 58 63 72 93 97 100 98 98 97 72 62 61 43 42 30 30 27 31 35 45 55 66 79 98 117 103 98 108 133 150 167 82 160 213 217 219 219 219 219 218 217 218 217 218 218 218 218 218 216 218 217 217 
102 101 110 116 138 167 151 149 172 155 194 175 171 228 252 254 250 252 253 251 252 120 138 133 123 111 115 113 114 103 82 82 78 66 61 54 49 41 48 53 72 77 87 102 105 103 106 111 114 106 92 83 54 45 46 42 49 57 63 69 72 76 96 113 133 128 128 127 146 155 167 103 220 217 219 218 221 220 218 220 219 218 218 218 219 220 218 218 217 216 217 217 
103 99 106 120 147 147 147 154 161 167 189 153 147 249 253 251 249 253 254 252 252 148 141 129 132 132 122 121 109 97 86 80 72 50 50 43 41 37 36 34 46 69 86 109 109 108 107 118 134 127 110 67 39 39 43 45 47 46 41 53 61 67 90 106 120 132 131 131 149 158 163 88 145 211 220 220 221 221 219 217 218 219 218 218 218 218 218 218 216 219 217 217 
120 103 108 127 144 146 143 177 162 182 179 123 194 252 253 253 252 254 255 253 252 95 137 133 132 125 119 115 93 76 51 58 52 41 40 28 27 24 24 24 27 43 78 117 115 115 120 128 144 128 79 35 27 26 24 29 34 38 41 53 63 68 74 64 87 127 129 133 156 163 167 76 137 156 223 222 223 222 217 219 219 219 219 219 219 219 219 218 218 216 218 217 
126 132 121 141 168 147 159 201 174 195 201 167 249 253 254 255 253 255 254 253 252 86 136 132 123 109 99 84 92 71 39 31 28 20 14 16 31 28 25 24 24 37 55 128 136 137 141 148 157 121 37 30 22 26 30 32 17 19 14 18 32 34 56 98 112 98 107 123 167 170 167 78 69 100 219 219 220 221 220 218 220 220 219 216 218 218 219 218 218 218 218 218 
121 130 181 140 174 150 187 176 189 178 201 244 251 254 255 255 253 254 255 252 252 84 133 128 119 97 92 68 52 28 110 104 44 17 15 17 51 47 26 24 38 38 60 136 140 146 143 148 156 127 38 31 18 16 26 49 20 32 24 39 94 139 62 33 60 103 128 134 172 172 170 90 70 86 211 220 222 221 219 220 222 219 220 219 220 218 219 219 218 219 217 218 
126 133 166 193 154 180 200 142 205 204 153 248 253 253 255 255 253 253 255 253 252 106 137 131 118 113 112 88 96 96 63 69 74 21 20 34 43 36 37 38 44 63 119 142 142 146 146 150 156 156 116 52 35 33 34 34 29 17 17 41 108 98 92 132 127 114 128 141 161 164 168 127 67 86 205 218 222 222 219 221 220 220 220 220 218 218 219 219 218 217 219 216 
128 137 167 202 154 202 170 142 162 206 139 250 253 252 253 253 253 253 254 253 252 118 139 134 120 117 109 87 89 86 89 77 66 49 50 45 43 40 39 41 61 94 128 142 144 149 147 153 156 158 145 111 43 38 38 37 39 41 49 60 64 78 136 121 103 111 121 134 153 162 168 139 71 92 214 221 221 222 221 220 221 221 221 219 218 219 219 218 219 218 219 216 
136 149 188 177 183 196 149 170 196 146 229 252 254 254 253 253 252 253 254 253 252 135 137 132 130 129 130 107 101 91 79 75 71 61 56 51 51 54 56 55 101 124 131 139 146 150 148 150 152 155 157 152 119 61 56 50 42 44 45 57 64 78 88 87 98 128 134 137 154 161 166 155 73 152 221 223 222 223 220 219 219 220 220 220 221 219 220 220 219 219 217 217 
135 145 200 162 193 164 150 189 188 163 250 254 253 253 253 255 252 252 254 253 252 139 140 137 139 136 134 122 116 103 88 86 82 72 68 59 62 61 62 87 118 124 132 143 148 151 146 151 154 153 156 153 143 116 79 68 64 62 64 72 82 90 101 106 111 133 137 136 155 162 165 159 75 204 220 221 224 222 221 220 220 219 220 218 223 221 220 219 220 218 218 218 
142 162 184 182 223 158 159 189 140 246 252 255 252 253 253 253 251 253 254 253 252 140 144 142 145 143 137 131 127 117 107 99 93 89 83 83 93 104 111 116 122 135 137 144 144 154 148 150 156 160 155 153 150 149 141 128 99 93 89 92 97 100 109 113 116 132 139 146 163 166 166 164 111 186 221 223 222 221 220 220 219 221 221 221 221 220 220 220 218 220 217 218 
154 151 188 200 222 156 180 194 156 250 253 253 254 253 252 252 252 252 254 253 251 141 146 146 144 143 139 131 128 120 105 100 98 95 95 96 111 113 112 120 121 134 139 139 145 152 145 151 156 160 161 149 155 151 146 136 124 115 110 96 100 101 108 114 120 133 140 152 166 166 167 166 123 147 220 221 220 221 218 219 220 220 221 220 219 219 222 220 223 218 219 219 
153 168 196 217 219 155 194 203 206 251 254 253 254 254 253 253 253 253 254 253 251 145 148 148 147 142 136 131 124 122 103 106 107 108 112 113 113 120 125 127 125 136 138 133 142 147 144 149 159 161 160 149 159 157 150 143 129 125 121 111 109 106 108 114 120 135 147 156 168 167 166 167 143 137 217 220 221 221 218 220 222 219 222 219 221 219 222 222 220 219 218 218 
145 194 208 211 198 189 192 181 250 252 255 253 254 252 255 255 252 253 255 252 244 149 153 147 146 145 134 129 134 131 132 126 125 121 120 115 119 122 125 125 130 130 135 138 139 134 136 149 161 159 154 139 145 146 145 139 128 125 125 123 125 120 118 121 123 142 147 156 173 174 170 168 153 98 213 220 220 220 218 219 220 220 220 219 220 220 221 221 221 219 219 217 
186 193 218 219 213 192 208 157 251 255 253 254 254 254 253 253 253 255 254 252 249 148 156 152 150 148 143 135 137 137 134 130 127 119 115 115 120 121 115 119 133 135 134 137 134 129 131 143 156 164 158 146 150 146 133 131 124 120 121 125 125 126 127 128 132 143 153 160 175 175 171 166 152 98 211 220 222 219 218 219 220 220 219 218 221 221 221 222 222 220 219 220 
192 205 214 206 208 185 199 206 253 254 254 253 255 255 255 255 253 254 254 253 240 156 162 155 153 147 147 146 144 139 133 130 128 124 119 118 114 109 135 149 145 138 138 137 132 120 118 126 144 165 166 158 163 166 159 101 113 116 119 124 127 132 140 143 142 156 160 163 174 174 174 164 150 106 221 219 223 221 218 218 219 219 219 220 221 223 221 220 221 221 221 222 
196 216 219 195 207 212 164 250 253 253 254 253 255 254 253 253 252 254 254 252 243 157 162 158 154 151 150 146 144 140 132 132 130 124 120 119 108 103 149 144 129 131 131 134 125 114 110 120 134 155 153 142 129 140 157 91 109 113 112 123 129 133 142 143 148 160 164 164 175 173 174 167 147 107 224 222 222 220 217 219 219 219 219 219 221 221 220 220 220 220 221 220 
219 208 198 217 202 222 236 252 254 255 253 253 253 253 253 255 253 253 254 252 241 157 159 155 159 156 150 146 144 141 134 131 131 124 115 111 105 116 121 94 23 20 20 108 104 93 86 98 110 33 16 23 62 109 132 97 99 107 110 124 129 133 142 145 152 168 170 169 172 171 173 169 127 108 225 221 222 219 219 220 219 220 223 219 222 222 222 221 220 219 222 220 
209 216 196 215 188 169 250 253 254 254 253 253 255 253 253 253 253 255 254 252 242 157 163 156 156 155 151 144 141 141 135 129 128 123 113 108 113 118 116 80 50 38 33 73 93 90 83 97 127 59 45 47 70 115 124 114 99 109 109 122 131 132 142 147 153 166 168 169 171 171 172 165 119 124 222 221 221 220 220 220 221 221 221 222 222 222 222 220 220 221 222 221 
213 212 218 190 200 244 252 255 254 251 253 250 253 252 255 253 253 253 254 252 249 153 158 156 155 154 153 144 141 132 132 129 127 116 116 116 128 121 122 109 73 73 83 102 95 74 87 88 115 138 123 106 109 125 129 126 110 107 109 126 130 133 140 146 155 164 166 168 169 170 169 153 89 141 223 222 224 222 220 221 222 222 221 221 223 223 222 222 222 220 221 219 
208 217 214 188 191 249 252 254 254 253 252 252 253 253 253 255 253 253 254 252 250 149 157 152 156 151 148 140 138 132 130 127 124 123 115 121 128 122 120 112 84 76 85 104 87 72 73 80 108 135 140 119 132 131 127 125 121 113 111 124 131 132 144 147 155 164 167 166 170 165 167 139 88 173 224 225 224 222 221 222 222 221 223 222 223 222 221 221 222 220 220 220 
214 214 209 192 201 249 252 254 253 252 253 252 253 253 255 253 252 253 255 253 251 145 158 151 156 155 154 142 131 137 128 127 126 120 121 126 131 123 123 117 95 94 91 87 76 68 73 72 83 121 137 127 133 130 130 128 124 121 119 128 133 132 143 149 153 165 166 164 168 166 166 124 80 210 224 224 223 223 222 221 221 221 222 220 223 221 221 222 221 219 220 218 
224 191 201 185 156 249 253 254 252 253 253 252 253 253 253 253 253 253 255 253 252 141 149 150 152 149 151 141 144 135 128 129 127 119 125 122 110 90 91 85 48 35 39 58 63 59 57 60 63 53 53 49 88 99 107 113 123 120 117 134 134 133 142 146 154 162 164 164 164 159 153 97 110 220 226 223 224 222 222 222 222 220 221 219 222 220 220 220 220 220 220 219 
210 200 193 191 161 251 253 253 253 253 253 253 253 253 253 253 253 253 254 254 253 145 151 149 146 147 151 141 137 135 127 125 126 114 94 97 69 67 67 65 43 42 38 59 68 60 53 58 64 45 39 41 50 57 75 77 87 96 113 138 138 138 142 147 154 160 164 161 160 154 146 84 151 218 222 220 223 222 220 222 221 221 223 220 222 220 219 221 220 220 220 219 
209 219 171 139 249 252 254 252 252 251 253 253 253 253 253 253 254 252 254 254 253 227 136 142 143 136 145 133 133 134 126 125 112 69 54 55 58 48 57 65 55 51 65 106 92 75 61 76 98 72 55 54 56 48 46 36 41 48 46 86 137 142 142 144 149 156 155 155 148 146 124 94 200 218 221 221 224 223 221 221 223 222 222 219 220 220 222 220 219 220 219 219 
214 214 175 212 252 254 253 253 251 252 253 253 255 255 254 253 253 253 252 253 254 201 132 135 146 137 140 133 137 134 129 119 91 53 53 58 54 59 67 76 84 90 86 88 98 106 100 95 91 81 96 96 79 69 50 40 43 47 43 60 108 145 144 145 148 155 155 152 145 135 124 114 215 222 222 220 222 223 221 222 221 221 222 221 220 219 220 219 219 221 220 221 
223 195 201 250 253 253 254 253 252 250 252 251 255 253 254 255 253 253 254 254 254 252 143 125 136 132 131 132 124 131 130 115 61 66 64 67 83 84 108 108 59 62 64 69 63 72 82 82 67 68 65 63 107 118 104 84 59 58 58 81 89 109 145 149 150 150 145 136 134 123 94 173 222 223 222 221 223 221 222 222 223 221 222 220 221 220 221 219 219 219 220 219 
223 190 249 252 254 255 252 253 253 250 253 252 253 253 255 255 254 252 252 254 254 252 161 120 145 139 133 131 129 131 122 109 75 75 70 68 87 81 75 56 55 55 66 70 51 71 81 83 58 65 65 51 63 94 105 101 66 65 76 82 99 110 147 151 152 146 141 134 136 108 73 211 223 222 223 223 221 222 220 222 222 220 222 220 221 220 220 219 220 219 222 219 
185 212 251 254 254 255 254 252 253 253 253 253 253 255 254 254 252 253 254 254 254 252 214 128 127 138 143 122 135 133 132 110 91 67 58 42 36 69 87 93 90 91 81 60 65 52 59 54 59 73 86 93 85 94 65 28 37 46 55 89 101 130 148 148 146 133 125 129 105 72 84 229 224 223 225 222 224 220 222 221 221 220 221 220 220 221 219 218 219 219 220 220 
191 183 252 250 255 253 253 253 253 252 255 252 255 253 253 253 253 255 254 254 254 253 250 149 117 119 143 125 132 132 131 115 88 73 68 50 70 85 96 108 112 112 106 101 99 93 95 91 77 110 109 131 136 130 128 56 34 48 53 91 108 130 148 146 142 129 126 119 82 71 78 228 223 222 225 221 223 221 220 220 221 220 221 220 221 219 218 219 220 218 220 219 
192 242 252 255 253 254 253 253 253 253 253 253 255 253 253 253 253 253 254 253 254 254 252 196 112 115 131 127 129 126 128 113 96 76 77 83 99 95 98 101 108 103 102 98 95 94 95 95 89 133 101 126 125 123 127 111 66 48 57 89 106 128 142 140 138 125 119 122 83 75 133 226 224 223 224 221 221 221 220 220 220 220 220 220 220 220 219 220 220 219 220 220 
212 251 253 254 255 255 253 253 253 253 253 253 253 254 253 253 254 253 254 254 253 254 254 243 115 111 105 123 126 122 116 104 93 86 89 88 100 98 101 101 93 91 94 82 88 79 84 84 81 95 95 100 113 120 121 120 109 94 77 77 103 121 134 134 133 122 111 93 67 94 199 228 226 225 224 223 222 223 221 221 220 221 220 220 219 219 220 219 221 221 219 218 
246 252 253 254 253 255 253 255 253 253 253 253 253 254 253 253 253 253 254 253 253 254 254 251 115 111 104 113 117 121 107 93 87 89 82 90 98 99 88 85 87 85 75 70 67 66 66 72 71 81 85 90 107 109 110 112 105 95 82 81 90 106 127 129 128 113 99 78 75 159 221 226 226 226 223 221 224 222 221 220 219 221 221 220 218 219 220 221 221 219 218 217 
254 254 254 253 254 253 253 253 253 253 253 253 253 255 253 255 254 254 253 253 255 253 254 252 137 107 103 92 91 97 96 98 76 69 66 73 91 89 81 76 57 49 34 23 32 36 41 35 41 50 49 54 83 87 94 95 81 69 67 76 80 97 118 118 114 91 80 77 114 204 227 228 227 226 227 223 224 222 223 221 221 221 222 218 220 220 218 221 220 217 218 217 
253 255 253 255 253 253 252 253 253 253 253 253 255 255 255 253 254 254 255 253 255 255 254 253 193 116 107 86 84 84 87 84 66 61 59 62 83 79 80 72 58 41 29 21 25 28 28 26 33 40 44 51 68 73 77 77 62 61 62 61 65 98 110 104 102 66 59 64 160 221 227 229 225 226 225 226 225 222 222 223 223 224 223 220 221 221 221 219 218 219 217 217 
255 253 254 253 254 255 253 253 253 252 252 252 253 253 252 253 254 253 255 253 252 253 253 253 252 148 106 83 71 68 65 67 66 44 52 47 60 66 69 71 65 63 64 71 71 53 54 61 64 55 60 57 65 61 54 41 42 43 41 42 56 67 74 79 65 57 59 155 234 233 233 229 228 224 226 223 225 225 225 223 224 221 222 221 221 221 221 220 218 219 218 219 
255 255 254 253 255 254 255 253 254 253 253 253 252 253 253 253 253 252 253 252 253 255 253 254 253 203 109 79 77 73 60 56 56 46 45 45 59 67 70 72 77 72 85 75 70 65 69 69 74 77 68 68 63 55 44 36 34 40 36 40 50 66 58 47 55 59 72 185 232 231 230 229 227 224 224 222 226 224 225 222 224 220 221 221 221 222 220 219 219 220 218 219 
254 254 255 255 255 255 255 255 255 255 255 254 254 254 255 255 254 254 255 253 254 254 255 254 253 242 115 84 85 70 58 54 44 44 42 44 52 67 64 58 77 84 78 62 54 47 48 52 63 85 89 82 48 40 34 33 25 28 32 39 34 51 49 59 77 83 224 229 230 233 230 229 229 226 225 224 225 224 224 223 221 221 221 219 222 221 220 220 220 220 217 219 
254 254 255 255 255 255 255 255 255 255 254 254 254 254 255 255 255 255 255 255 254 254 255 254 252 227 132 81 87 77 60 56 49 44 45 45 51 61 67 57 66 69 62 42 46 49 41 43 46 70 70 70 56 53 39 34 27 26 28 27 33 35 67 71 76 123 228 234 233 230 230 228 229 228 226 225 224 226 223 222 222 220 221 220 222 222 221 220 219 218 220 215 
255 253 253 253 253 253 253 253 254 253 254 252 255 253 253 255 255 255 255 254 255 255 254 253 252 185 141 84 74 74 66 59 56 41 42 40 43 52 48 50 55 49 41 41 42 39 39 41 55 45 59 48 42 42 35 37 42 28 34 32 31 43 53 47 52 163 236 238 232 230 229 227 228 228 229 226 225 226 227 224 222 222 222 218 222 221 219 218 218 218 219 217 
255 255 255 255 255 255 255 255 253 255 253 254 253 255 255 254 255 254 254 254 254 254 253 252 250 161 138 106 82 61 67 62 60 42 41 42 47 49 45 47 39 36 41 43 41 36 37 35 36 47 44 39 39 39 38 32 34 28 23 34 37 40 47 60 122 162 236 236 232 230 229 230 228 227 227 229 226 227 225 225 223 223 221 220 221 221 218 218 219 219 218 218 
254 253 254 255 255 255 254 254 254 255 255 253 255 254 254 254 253 252 252 252 253 157 133 125 139 144 141 104 91 68 67 63 63 40 35 37 45 47 43 39 41 39 40 37 38 34 31 30 36 38 39 34 37 31 31 30 36 43 23 33 34 46 80 121 134 196 238 235 232 230 230 227 227 226 228 228 227 226 225 224 224 222 222 220 222 219 219 220 220 220 218 218 
253 252 253 253 254 254 253 252 254 254 253 254 253 253 252 246 218 190 171 179 136 98 125 134 112 127 130 112 107 100 65 51 51 46 36 39 39 36 40 36 30 25 29 30 29 25 25 29 27 26 31 32 28 31 34 32 32 31 36 34 37 48 123 136 139 228 238 234 233 231 232 229 227 229 228 226 226 227 226 225 224 223 221 220 222 221 221 220 220 221 219 219 
246 253 253 253 253 253 253 253 253 253 252 252 232 219 210 171 195 167 174 153 104 113 124 120 120 115 119 112 110 103 82 60 46 46 42 37 37 28 32 31 31 23 28 23 26 23 25 23 26 20 25 24 28 26 26 31 24 24 35 28 37 83 130 136 143 230 239 235 234 232 232 234 228 228 227 227 228 226 227 226 225 222 223 220 222 223 220 222 222 220 221 216 
167 170 173 176 179 183 186 185 191 188 192 164 180 172 156 178 167 156 166 106 91 114 119 112 120 92 116 112 112 107 99 90 88 43 36 33 31 26 28 24 22 20 21 18 21 19 21 21 24 17 24 18 19 19 20 19 25 33 49 91 110 121 134 140 141 185 240 235 235 232 230 228 229 229 230 226 228 228 225 225 226 223 223 222 223 222 222 220 222 219 219 218 
165 168 170 172 175 177 183 179 184 181 162 173 166 178 179 169 163 158 152 98 100 116 116 114 112 105 93 111 106 105 98 86 86 68 45 33 30 27 24 21 21 21 22 18 18 16 19 22 19 15 21 18 18 16 19 23 36 49 75 108 115 123 136 137 141 134 235 235 234 234 232 231 230 227 228 228 226 228 227 224 225 223 224 224 223 221 223 221 221 219 218 217 
157 160 165 164 165 170 169 169 162 156 156 157 176 106 154 158 152 157 138 90 115 121 119 116 105 107 103 105 107 102 98 88 88 77 69 69 37 25 24 25 23 23 21 20 23 18 20 19 18 15 14 19 21 24 34 50 85 86 96 113 121 128 136 137 134 104 138 142 75 101 179 231 232 229 229 227 228 226 226 224 226 222 224 221 222 221 219 220 219 219 220 216 
160 161 166 165 169 168 169 168 153 154 169 153 161 109 154 160 156 158 123 96 118 121 120 113 106 106 103 94 103 103 98 91 87 81 76 70 57 48 32 28 23 23 22 21 21 21 22 24 22 24 20 21 34 44 65 69 88 92 99 114 124 126 133 135 138 94 138 140 133 67 49 153 186 228 232 230 237 232 228 227 226 223 225 220 224 221 222 221 221 221 221 218 
157 157 164 165 166 166 166 164 151 157 156 164 103 138 159 157 161 151 109 106 123 122 122 120 109 104 97 81 81 101 96 92 88 84 78 77 71 65 63 58 54 50 38 38 36 38 32 34 40 47 50 56 68 74 76 80 93 98 107 117 122 127 131 131 133 110 122 125 136 127 112 35 72 139 148 145 151 159 152 179 218 226 220 226 220 223 218 221 222 220 221 222 
159 159 165 163 167 165 166 162 146 160 152 167 97 151 156 158 158 141 105 110 125 126 122 120 111 104 104 90 79 91 99 96 89 83 81 73 70 68 65 61 53 47 50 48 44 46 50 47 49 50 51 59 70 73 75 85 95 103 109 118 122 124 129 132 130 115 120 124 132 133 120 62 29 75 142 141 149 125 151 149 150 215 220 216 222 217 221 221 218 218 209 199 
153 157 161 161 163 162 162 151 151 157 145 162 99 158 149 156 151 134 90 109 126 128 126 123 114 109 102 102 79 82 100 95 93 90 81 78 70 68 67 65 64 55 53 51 51 51 55 50 51 52 56 64 74 79 80 86 98 104 106 117 123 123 131 130 89 109 118 117 127 134 134 112 67 33 87 154 138 154 151 141 159 151 153 149 149 151 147 148 148 144 144 144 
156 157 163 161 162 159 160 147 149 148 134 134 98 152 148 151 158 98 81 111 127 131 128 127 123 115 112 110 105 81 84 91 93 90 83 80 78 76 74 75 76 68 68 64 65 64 65 63 67 66 69 68 85 88 91 97 104 104 110 118 124 122 81 60 91 106 113 118 130 135 137 148 147 122 71 149 163 138 158 80 152 152 144 142 149 140 140 137 135 133 134 130 
158 155 163 160 164 161 151 150 142 147 137 124 98 143 141 147 156 79 85 108 131 130 130 129 124 121 118 109 109 102 85 92 91 92 93 89 84 81 79 75 73 72 73 66 74 72 73 70 69 74 74 73 83 84 91 98 104 109 112 113 110 103 63 74 97 109 116 122 132 136 138 149 155 139 111 135 162 151 158 144 83 132 161 140 150 143 136 132 129 129 128 126 
154 155 158 159 158 154 146 144 150 141 136 119 97 135 142 149 153 76 88 110 129 129 130 129 128 126 127 122 119 119 79 89 98 101 94 96 91 90 87 87 85 82 76 82 83 78 84 85 91 89 90 91 97 99 104 107 107 106 110 106 103 93 93 108 113 119 125 126 140 140 147 152 155 152 124 101 150 158 124 159 143 147 116 152 144 146 143 128 128 129 128 127 
154 152 157 160 159 154 142 148 147 140 139 97 96 114 140 147 153 85 94 109 130 129 130 132 129 127 129 125 126 122 109 78 96 98 102 99 92 91 94 90 87 89 88 87 87 87 92 94 93 95 96 97 100 101 104 104 107 110 108 105 102 77 106 113 115 123 129 132 140 143 149 153 152 151 124 85 143 160 127 141 160 78 147 122 147 143 145 129 126 129 124 126 
152 153 154 156 157 149 136 138 152 138 142 84 96 90 148 151 156 80 91 113 124 129 130 131 131 128 130 130 128 126 120 114 75 104 101 102 101 98 95 95 93 89 88 90 93 94 97 99 100 102 101 102 106 103 106 105 107 102 107 96 79 74 118 120 123 132 136 138 147 148 150 152 155 146 116 60 124 149 136 130 155 87 63 145 151 152 141 140 121 123 121 123 
151 154 153 153 156 146 133 143 150 135 142 86 94 91 147 151 154 97 90 109 121 128 131 132 130 133 134 132 130 127 122 117 99 82 103 100 102 102 98 98 93 94 91 93 95 97 99 98 100 104 102 105 103 106 104 104 105 104 103 82 66 108 120 123 127 133 139 142 146 150 150 153 154 142 116 59 123 150 137 121 148 89 72 129 124 154 146 146 129 123 120 123 
153 148 154 156 152 144 136 141 144 125 142 77 90 85 146 144 155 127 100 101 118 125 128 128 131 133 134 130 130 127 125 119 115 59 63 96 103 100 102 97 99 96 96 94 98 99 100 102 103 108 107 103 104 104 105 104 103 98 90 71 113 122 127 134 134 139 142 144 148 148 149 147 150 130 113 55 96 130 132 126 135 144 78 60 147 115 157 139 140 137 122 122 
150 151 155 155 150 145 138 136 142 127 144 87 92 90 149 142 157 144 90 104 116 124 124 130 130 133 134 129 130 127 124 122 117 69 66 98 102 102 103 101 99 98 97 97 99 99 101 102 105 106 105 105 102 103 103 102 98 101 104 77 120 125 130 134 136 135 140 144 146 148 149 149 144 122 113 53 90 130 141 133 125 155 72 84 158 125 132 145 134 145 121 123 
152 147 152 149 150 144 144 139 142 135 159 82 87 94 154 144 108 143 90 106 115 120 121 127 126 128 130 127 128 126 124 123 121 88 57 67 100 104 106 107 100 99 100 101 102 101 102 105 104 103 103 104 103 102 101 100 101 106 107 111 125 128 133 134 134 137 138 139 147 147 148 152 141 115 110 58 92 135 137 134 126 146 102 76 84 148 111 150 132 134 121 116 
147 139 150 145 143 141 139 139 145 135 165 81 88 87 140 145 138 115 114 107 115 119 121 122 122 123 126 125 128 126 128 126 124 117 78 63 107 109 109 109 106 107 105 101 101 103 104 104 106 101 100 99 102 101 98 107 114 112 90 118 129 129 131 131 132 136 137 132 137 139 142 136 123 110 100 71 81 134 140 124 125 154 142 69 62 58 155 131 154 133 146 133 
145 143 145 147 143 138 143 136 141 138 156 84 89 84 99 137 140 104 119 105 115 120 118 116 117 116 121 125 126 126 126 126 128 122 77 96 113 111 111 111 108 107 103 102 104 104 105 104 103 105 101 99 102 105 112 114 111 114 77 123 131 129 133 131 139 135 135 133 139 140 139 131 114 108 98 67 77 132 142 125 117 157 152 64 61 45 135 120 145 150 132 144 
136 146 145 144 145 135 137 128 140 130 142 75 83 83 76 117 140 135 107 103 116 115 114 119 117 116 118 119 125 129 125 124 125 124 84 110 68 110 117 110 110 109 101 100 103 104 102 101 101 96 98 102 110 108 110 110 106 77 118 121 121 128 131 133 131 128 126 130 124 125 130 118 110 108 101 74 66 129 143 125 121 158 160 91 77 63 38 142 111 135 126 124 