
163 156 152 202 222 221 225 221 221 220 219 221 222 224 224 224 224 224 225 224 227 226 226 223 221 220 221 220 221 220 216 215 215 210 211 208 214 211 210 209 210 208 211 209 208 209 210 209 211 208 209 208 210 209 210 209 210 208 209 208 208 206 208 208 206 205 207 206 206 204 206 204 203 202 205 203 201 201 201 200 200 202 202 199 200 201 202 200 199 199 198 201 
171 147 157 103 225 225 223 222 221 221 223 223 227 226 225 227 225 227 227 227 227 226 223 222 223 222 222 219 220 219 216 216 214 212 211 212 213 213 211 212 211 211 211 209 210 208 208 208 206 210 209 210 210 210 210 210 210 210 209 207 210 207 209 209 208 206 207 207 208 207 207 206 205 205 203 203 202 202 202 202 202 203 201 202 201 202 204 201 199 201 201 201 
181 131 119 125 223 229 223 224 223 222 224 224 228 227 227 226 226 227 227 228 228 225 224 224 226 223 221 216 217 218 217 215 214 214 212 212 212 211 212 213 212 211 212 212 211 211 209 211 210 209 212 209 212 210 212 211 211 211 210 207 211 210 209 208 210 209 210 209 208 207 206 207 205 204 203 204 202 205 202 203 203 203 203 203 203 203 203 201 202 200 201 202 
163 166 122 154 217 231 229 225 226 225 224 227 229 229 227 229 227 227 228 229 227 227 227 227 225 223 221 217 218 219 216 215 214 214 215 212 212 213 211 215 213 213 214 210 213 212 212 212 211 209 209 210 211 212 211 211 212 210 211 211 212 210 209 209 207 210 209 209 208 209 208 207 207 207 205 204 203 205 202 202 202 204 202 202 203 203 202 201 202 204 202 202 
162 161 133 147 199 231 228 228 228 225 228 226 229 229 229 229 230 228 228 225 229 228 228 227 223 220 221 215 219 218 216 216 215 213 215 212 215 211 214 214 214 213 213 214 214 211 214 211 212 209 210 212 212 211 210 210 212 211 211 211 211 211 209 208 210 208 210 209 211 208 206 207 208 205 206 203 205 205 205 204 204 203 204 202 205 203 202 202 204 202 206 204 
149 161 151 141 141 230 229 227 229 227 229 229 231 228 229 229 228 229 228 228 231 229 229 224 221 219 219 216 219 217 215 216 216 212 214 212 214 212 213 215 210 210 213 213 211 212 211 213 212 209 209 210 213 192 211 208 212 210 213 211 210 209 209 209 211 210 209 208 210 211 207 209 206 204 207 202 204 204 204 203 202 202 203 204 203 203 203 202 203 203 203 204 
152 140 151 114 166 228 228 231 230 230 232 231 230 230 230 230 229 229 230 231 231 228 225 222 221 221 221 218 222 219 217 215 216 214 215 212 215 215 215 215 215 215 213 211 214 214 214 213 214 214 212 213 211 211 209 209 211 209 210 209 211 210 211 212 209 208 209 210 210 209 211 209 208 207 206 204 204 204 204 205 206 205 204 205 204 205 204 202 203 204 203 202 
154 152 143 120 153 231 229 230 231 233 232 232 232 231 231 231 231 232 233 231 230 227 224 221 221 222 223 220 221 219 217 217 215 213 215 212 216 212 215 215 215 215 214 212 215 213 214 214 213 212 214 212 214 211 211 208 210 211 210 211 210 211 213 211 209 210 209 210 211 211 209 207 207 206 207 204 206 204 206 205 205 203 206 203 206 205 204 203 205 205 203 202 
158 150 129 160 133 230 230 234 234 234 233 233 231 235 235 235 235 233 233 230 229 227 226 225 224 223 223 218 219 219 218 217 215 213 216 213 218 215 215 215 216 214 215 213 215 215 213 211 212 213 214 212 214 213 211 210 208 210 210 209 209 210 210 211 208 210 208 209 208 211 209 208 206 207 207 206 207 206 205 205 206 203 205 204 205 204 204 203 206 204 203 205 
140 175 130 159 138 233 228 234 233 234 235 232 234 234 236 237 237 233 232 233 231 228 228 226 223 224 224 220 220 220 219 219 215 214 215 217 213 216 215 213 215 215 215 213 217 215 215 213 211 215 215 213 212 213 213 211 210 211 213 209 212 210 210 209 208 210 210 208 209 210 209 206 205 209 206 206 206 208 207 207 205 205 204 206 206 205 204 205 204 204 202 205 
158 157 144 169 159 233 236 237 235 234 233 232 233 237 238 237 238 236 238 236 237 234 232 231 227 225 227 222 223 222 219 219 216 216 217 214 216 217 217 219 215 218 215 216 217 217 215 216 216 213 215 212 213 213 216 215 212 213 213 213 212 212 212 211 211 210 209 209 208 209 209 208 208 207 208 208 209 207 207 207 206 206 204 204 206 205 204 206 205 205 204 204 
161 156 209 159 161 237 233 239 234 231 231 233 236 241 240 240 239 240 240 239 239 237 236 233 229 228 227 223 224 221 218 219 218 215 218 217 214 217 217 216 217 217 216 214 215 217 216 212 214 214 215 218 211 215 213 218 212 214 213 211 216 215 215 212 211 211 212 209 210 211 210 209 207 208 208 208 209 206 208 206 208 207 206 206 205 206 206 206 206 203 206 204 
158 148 172 127 160 168 239 235 232 232 230 237 241 240 245 249 249 250 250 247 249 245 242 239 236 231 232 225 226 222 221 220 220 218 217 217 218 217 205 127 89 81 75 85 82 86 111 97 89 152 170 210 211 214 213 211 213 214 214 215 215 215 213 211 213 209 212 209 211 207 211 210 209 208 211 210 210 207 210 208 207 205 209 206 207 206 207 207 205 204 206 206 
165 177 231 176 148 155 226 234 230 230 231 240 243 248 251 252 251 250 250 252 251 247 244 242 239 234 231 226 224 221 219 219 219 215 217 213 172 120 58 43 53 56 61 55 54 57 49 50 58 62 93 142 198 210 206 209 212 210 212 213 214 215 213 212 211 210 210 211 212 209 212 209 210 209 210 209 207 208 207 207 207 206 205 208 206 206 207 208 206 205 204 204 
152 212 224 116 106 105 121 220 227 230 231 243 247 250 252 251 251 251 253 251 251 249 246 243 239 235 234 226 225 221 216 217 216 214 216 208 73 71 69 66 61 51 61 63 51 52 48 55 53 67 67 74 77 98 131 166 213 210 212 210 215 216 217 214 210 211 212 211 213 210 209 210 209 210 209 206 209 207 208 206 208 207 206 204 208 207 207 208 207 206 203 202 
204 223 230 129 175 131 137 200 229 233 243 251 252 252 255 253 253 253 254 254 253 252 252 247 241 237 234 216 196 162 109 103 124 124 83 48 64 50 50 52 42 46 45 51 48 47 46 42 43 56 52 49 52 62 64 61 77 93 145 199 209 212 213 213 212 211 211 211 211 211 211 211 209 207 208 207 208 208 207 209 208 209 206 206 210 207 207 206 207 206 205 205 
223 226 236 223 159 152 193 217 237 242 251 251 252 255 253 253 253 252 252 251 254 254 253 250 246 241 236 161 105 90 79 89 74 79 75 59 54 59 57 48 49 49 46 46 41 41 45 50 37 50 52 43 46 46 66 64 69 61 84 145 205 199 214 217 211 209 211 212 212 210 210 208 210 210 210 207 209 208 210 208 209 206 208 207 208 206 209 207 206 205 204 207 
242 240 244 246 250 249 245 251 253 253 253 253 255 255 253 253 253 253 250 254 253 254 250 252 235 151 82 60 73 68 51 65 59 68 61 66 39 41 52 37 36 40 44 34 37 35 39 37 34 39 35 37 37 38 47 56 43 62 44 73 72 113 184 205 211 210 210 213 211 209 210 209 210 211 210 209 210 209 211 209 209 209 207 208 208 209 209 208 207 208 206 207 
245 246 247 251 252 253 253 252 255 255 255 253 255 255 255 253 254 252 254 252 254 252 254 252 196 95 77 68 64 80 60 66 61 74 59 58 64 39 43 40 35 33 36 35 31 32 37 32 36 34 31 32 33 39 37 50 39 42 45 44 92 74 113 174 201 206 211 206 214 210 212 212 210 211 212 210 211 209 209 210 210 208 209 207 207 208 208 208 206 205 208 207 
251 251 253 252 254 254 255 255 254 255 253 253 253 253 253 253 252 254 252 254 252 254 239 148 75 80 91 52 48 55 49 49 45 47 37 44 52 40 41 43 34 33 33 31 29 28 34 27 25 29 27 25 28 39 39 28 37 29 39 42 52 59 78 78 91 178 201 204 210 211 214 211 209 212 213 210 211 210 212 210 210 210 209 208 210 206 208 208 206 208 205 209 
252 251 253 253 255 255 255 255 255 253 255 252 254 254 253 253 253 250 255 250 254 246 154 97 74 75 70 49 60 54 55 46 44 44 40 42 49 45 40 50 41 30 32 29 31 26 35 27 32 31 31 28 31 34 30 42 36 31 34 41 45 56 88 69 83 99 184 200 215 216 210 215 213 210 211 208 212 210 212 210 212 209 212 208 209 209 209 208 208 207 208 206 
252 252 254 252 255 253 254 254 253 252 253 252 253 253 253 253 252 253 253 255 254 189 129 90 71 68 61 52 47 47 45 41 39 38 38 39 53 42 34 34 34 25 26 31 28 27 38 26 24 29 26 27 24 27 43 38 31 34 40 25 64 62 58 62 55 74 46 55 190 204 210 212 211 210 211 209 212 211 212 210 210 210 210 211 209 209 210 210 210 208 209 207 
253 253 252 253 253 255 254 254 253 253 253 252 255 253 253 253 255 253 254 255 248 216 121 86 84 64 58 49 46 46 40 45 40 34 37 38 56 36 35 35 34 32 34 29 33 29 29 29 28 29 28 28 30 31 41 30 34 39 28 58 50 63 52 45 61 63 43 47 88 174 208 213 211 211 211 209 211 211 212 212 211 209 210 208 212 211 210 209 210 210 205 207 
254 253 255 255 253 255 252 254 253 252 255 253 254 253 253 253 253 253 255 255 252 156 92 89 69 65 55 45 47 40 46 41 38 34 37 40 32 35 38 30 41 28 31 23 31 27 27 27 31 23 26 26 26 29 36 38 38 36 35 37 41 44 45 40 40 59 65 56 47 91 189 211 211 210 212 209 213 211 212 213 212 209 211 210 211 210 211 210 212 211 208 208 
254 253 255 252 254 255 254 254 253 253 254 254 255 255 253 253 254 255 253 199 123 74 76 79 70 68 49 46 45 43 44 42 36 35 38 41 42 37 36 36 43 34 29 38 32 27 30 27 29 28 29 27 33 33 33 29 31 29 29 42 44 33 64 53 63 48 69 90 39 39 62 79 172 217 211 214 213 214 211 210 211 211 210 210 212 210 210 211 210 209 210 207 
253 253 255 253 254 254 254 254 255 253 254 254 255 254 253 253 254 255 192 119 83 102 79 74 79 59 52 43 41 48 43 36 33 38 40 37 41 40 38 39 37 41 33 32 29 26 29 37 32 28 25 28 33 28 29 26 23 34 33 47 49 50 57 39 35 42 50 37 42 40 62 99 90 129 215 212 213 214 211 210 210 211 211 211 211 213 214 210 209 210 207 210 
255 255 255 255 255 255 254 254 255 253 255 255 255 255 253 253 255 200 137 105 83 60 61 60 73 62 47 48 48 43 34 37 35 33 35 39 36 38 39 35 36 31 30 32 38 33 32 27 35 26 29 27 28 30 28 36 29 26 28 31 37 48 31 32 37 33 48 58 36 30 40 78 137 69 95 211 216 211 211 213 214 211 212 211 210 212 211 211 212 210 211 208 
255 255 255 255 255 255 254 254 255 255 254 254 255 255 255 255 254 204 111 79 66 61 55 60 66 63 49 48 41 38 38 44 37 34 38 39 36 36 36 33 33 33 32 30 30 27 31 31 32 39 30 34 33 30 29 29 26 28 26 32 32 46 37 34 39 60 55 38 27 29 48 79 147 95 64 209 216 212 216 211 212 212 211 212 212 211 213 213 210 211 210 210 
255 255 255 255 254 254 255 255 255 255 255 255 255 255 255 255 254 232 96 79 79 73 63 65 57 51 48 42 36 41 40 39 41 40 44 41 36 36 41 39 40 39 43 39 39 36 31 36 38 35 34 30 35 32 36 29 29 24 20 29 40 31 35 41 39 44 50 39 40 34 39 76 104 76 91 133 212 215 210 214 213 212 213 211 212 213 211 212 212 213 212 212 
255 255 255 255 254 254 255 255 255 255 255 255 255 255 255 254 254 138 89 76 91 72 68 69 54 56 44 42 43 45 43 44 46 43 43 39 49 52 48 52 52 49 60 59 51 45 45 42 39 38 40 32 31 34 38 38 32 29 29 31 33 36 37 36 43 43 41 38 46 43 48 58 62 84 93 93 213 216 214 210 215 212 214 210 214 214 212 213 211 210 210 210 
255 253 255 255 255 255 254 254 255 253 253 253 253 253 253 254 254 95 86 80 82 75 69 64 47 57 46 46 50 48 50 55 63 61 64 62 87 92 94 83 82 84 100 99 98 88 73 76 66 54 61 59 38 40 41 55 58 49 37 32 29 30 40 36 36 33 35 29 52 69 69 51 51 62 78 123 205 213 216 214 214 213 215 211 215 213 211 211 212 211 212 212 
255 255 255 255 255 255 254 254 255 253 255 253 255 253 253 254 253 94 89 77 72 72 82 73 57 56 47 51 59 64 63 68 73 76 68 74 86 91 98 96 111 111 119 123 121 112 101 99 83 75 68 61 71 62 56 68 74 73 59 38 35 30 35 40 40 36 35 42 47 53 56 45 61 87 62 117 205 215 216 215 213 214 214 213 213 213 212 211 211 212 212 212 
255 255 255 255 255 255 254 254 255 255 253 255 255 253 254 253 136 81 74 75 76 69 75 73 59 48 52 75 83 90 79 75 66 77 98 103 121 140 137 146 145 143 146 146 145 142 137 135 127 112 108 100 89 97 102 101 93 88 95 69 54 38 35 31 33 39 45 41 43 41 37 61 60 54 78 135 193 214 214 212 213 214 214 212 214 213 214 213 213 212 212 211 
255 255 255 255 255 255 254 254 253 253 253 253 255 254 254 225 119 87 87 74 82 71 68 56 56 54 51 90 96 105 99 99 95 108 119 129 139 137 142 144 148 149 152 152 152 150 149 149 145 132 123 119 115 118 119 120 111 104 103 87 73 50 37 34 31 38 37 33 35 40 36 57 83 76 71 149 208 215 214 214 214 215 213 213 214 211 214 214 211 213 212 212 
255 255 254 255 255 255 254 254 253 252 253 252 255 254 253 178 112 88 84 84 84 75 67 66 57 56 64 111 111 112 113 111 115 136 135 134 146 150 148 147 152 154 154 153 153 154 154 152 150 140 136 135 133 134 134 133 124 121 111 100 94 64 39 37 30 30 33 31 32 34 41 66 82 88 41 185 212 216 216 212 215 213 216 213 215 213 212 212 213 211 215 211 
255 255 254 254 254 255 254 254 254 253 252 253 255 254 253 152 117 88 82 82 79 60 69 67 73 97 116 126 134 134 135 145 142 142 147 148 151 149 148 148 151 150 153 153 155 156 154 152 151 148 148 145 146 144 144 142 137 138 138 134 130 124 68 52 45 29 28 26 34 41 31 44 38 55 46 191 210 217 215 214 213 216 214 213 215 214 214 213 212 213 213 211 
255 255 254 254 254 255 254 255 254 254 252 253 253 253 254 168 121 86 94 78 86 62 68 71 81 108 125 134 134 135 144 148 144 144 147 147 147 150 147 148 152 153 157 155 155 155 153 153 152 148 148 147 148 145 144 140 141 141 140 136 137 133 117 101 84 45 24 25 33 29 35 46 57 56 48 171 213 215 215 215 217 214 214 212 213 213 213 213 213 212 213 212 
255 255 254 255 255 255 255 255 254 252 255 253 255 255 254 253 144 94 87 77 74 81 78 92 124 132 135 138 141 142 143 143 145 145 147 147 149 150 151 154 157 157 158 155 157 154 152 154 155 151 154 153 148 146 142 143 141 139 138 141 144 141 143 143 133 73 46 26 27 40 32 53 82 70 70 117 203 219 213 214 215 215 215 213 215 215 213 213 213 213 214 210 
255 255 255 255 255 255 255 255 253 255 253 252 255 253 254 252 157 93 89 79 75 76 84 104 131 138 140 142 141 144 143 143 147 145 148 149 151 152 155 154 159 155 158 152 155 152 155 156 157 155 158 156 152 147 143 143 139 137 138 141 142 144 147 144 142 91 48 27 23 28 39 47 58 59 45 113 212 216 216 212 216 214 214 214 217 215 214 213 213 213 212 212 
255 255 255 255 255 255 255 255 255 253 253 253 255 253 254 253 151 101 97 81 83 88 102 128 136 138 139 145 143 140 143 146 146 145 150 151 155 159 159 162 162 161 161 154 157 160 161 159 160 158 159 158 154 152 150 146 142 141 142 139 145 146 148 153 150 135 82 40 28 36 36 61 41 47 72 176 212 219 217 214 217 214 215 214 216 216 215 213 214 214 213 214 
255 255 254 255 255 255 255 255 253 253 255 253 255 253 254 253 150 101 93 90 83 88 115 132 135 139 140 140 142 143 147 148 147 149 153 153 158 160 160 161 160 159 160 158 158 160 161 162 163 158 160 156 155 153 151 146 146 142 144 142 144 145 154 152 152 136 97 53 32 45 31 64 40 54 78 204 214 219 216 217 216 214 215 214 214 214 217 213 213 211 215 215 
255 255 254 255 255 255 255 255 254 254 255 253 255 255 254 253 150 111 91 86 91 127 132 142 137 135 132 141 139 144 147 149 149 154 155 157 163 161 163 162 161 160 159 158 159 159 159 161 159 157 154 152 155 153 152 152 150 149 148 146 146 146 150 151 152 140 125 98 48 32 35 45 49 70 96 219 217 218 216 217 217 215 217 215 215 214 214 214 213 214 213 215 
255 255 255 255 255 255 254 255 254 254 253 255 255 253 255 253 150 106 93 91 96 138 142 145 139 134 133 142 142 145 151 151 157 154 155 156 158 159 161 161 160 159 158 157 159 159 159 159 159 153 154 154 151 154 150 152 150 151 153 152 147 151 150 151 147 140 136 115 47 37 43 43 57 69 75 219 218 217 217 217 216 217 215 215 215 214 214 212 213 213 215 215 
255 255 255 255 255 255 254 255 254 253 255 253 255 253 253 253 155 124 106 96 106 142 143 141 133 137 136 144 144 141 149 154 155 153 157 154 155 152 155 157 158 158 157 157 159 159 160 158 156 149 150 150 150 151 149 149 150 152 153 154 155 154 149 148 147 139 139 128 54 40 45 51 50 73 85 217 217 221 217 218 217 216 216 216 216 214 214 214 213 214 212 214 
255 255 254 254 255 255 254 255 254 253 255 253 255 253 254 253 196 128 114 109 143 144 140 139 128 118 128 128 131 136 130 141 130 134 138 137 146 140 142 143 149 148 153 149 150 152 147 145 147 141 141 142 142 140 143 143 140 142 142 138 142 145 146 144 144 137 140 140 107 77 46 75 66 78 126 219 219 220 219 218 219 215 217 214 217 216 217 215 216 213 216 215 
255 255 254 254 255 255 254 255 254 254 255 255 255 255 254 254 234 128 123 129 146 146 138 137 97 106 109 117 115 107 105 105 115 113 124 119 117 136 135 134 140 143 147 149 149 147 145 145 142 140 137 134 131 130 127 128 128 123 120 126 128 127 133 134 136 138 142 142 133 98 53 71 74 75 192 222 218 222 218 216 217 216 216 215 216 216 214 214 216 216 215 214 
255 255 255 255 255 255 255 255 254 254 255 255 255 255 255 254 252 132 124 165 149 130 108 103 84 76 71 77 65 69 61 73 64 68 63 77 88 87 108 106 125 131 131 133 137 138 135 134 134 127 118 113 110 106 101 97 78 79 84 78 75 73 72 76 82 95 136 151 161 123 73 71 48 130 218 220 219 219 218 215 216 215 217 215 217 216 215 216 217 217 217 218 
255 255 255 255 255 255 255 255 254 254 255 255 255 255 255 254 253 152 132 177 160 107 105 92 80 79 67 66 63 59 57 55 58 63 65 65 70 80 80 90 123 122 127 129 133 135 134 135 131 110 111 104 88 82 74 65 60 50 50 54 59 55 58 57 62 64 78 138 162 142 91 70 67 179 219 218 221 221 218 217 217 216 218 215 215 216 217 218 217 216 218 216 
255 255 255 255 255 255 255 255 255 255 255 255 255 255 255 254 253 152 168 179 155 119 109 101 90 89 90 73 66 64 57 54 48 51 53 57 68 66 81 81 110 106 114 128 134 133 122 117 107 72 74 59 52 45 45 40 32 34 26 28 35 39 38 45 54 58 62 77 155 165 146 66 131 217 219 216 219 221 218 219 217 217 217 215 217 216 218 216 218 216 215 214 
255 255 255 255 255 255 255 255 255 253 255 255 255 255 253 254 254 176 186 175 169 127 115 112 114 113 108 107 98 96 82 69 72 56 59 65 72 67 74 86 92 110 117 131 137 125 114 107 93 63 63 54 44 36 33 31 31 27 30 28 26 31 38 54 54 64 71 77 127 164 157 60 185 219 219 218 219 220 218 219 218 217 216 215 218 217 217 215 216 216 215 215 
255 255 255 255 255 255 255 255 255 253 255 255 255 255 253 254 254 244 214 178 174 146 138 136 134 134 126 111 112 113 103 95 86 80 73 71 80 85 85 90 105 122 131 126 122 121 109 103 92 73 70 49 42 49 50 44 60 63 69 66 75 70 79 88 99 89 96 118 130 152 166 79 214 220 220 219 220 218 218 217 218 217 218 216 218 217 215 216 217 216 218 215 
255 255 255 255 255 255 255 255 255 253 255 255 255 255 253 253 254 248 216 179 174 167 154 148 140 134 124 116 118 108 101 90 93 77 71 65 68 75 85 96 110 121 131 128 134 121 111 114 105 72 59 53 48 54 55 63 73 77 76 82 81 84 93 112 127 130 124 120 138 154 165 107 210 219 219 219 220 217 219 218 217 216 217 217 217 216 216 216 216 217 218 218 
255 255 255 255 255 255 255 255 255 253 255 255 255 255 253 254 253 203 213 176 177 162 153 150 144 129 127 96 93 87 71 67 58 56 61 60 52 58 59 74 108 119 135 135 135 120 119 124 118 63 50 40 49 56 61 61 71 72 76 79 76 88 93 120 139 132 125 122 143 159 165 142 207 216 218 218 221 218 216 218 218 217 219 216 218 216 215 216 216 216 216 216 
255 255 255 255 255 255 255 255 255 253 255 255 255 255 253 254 253 166 191 170 165 151 144 121 107 125 123 105 100 85 67 61 60 58 54 52 42 42 44 57 107 131 143 152 153 146 137 144 104 35 33 31 32 37 44 53 65 59 64 66 73 68 67 78 98 128 125 136 161 166 165 85 179 219 219 221 219 219 217 216 218 216 219 217 217 216 217 217 218 215 218 214 
255 255 255 255 255 255 255 255 255 253 255 255 255 255 253 254 252 165 188 164 157 139 129 122 114 97 88 70 62 55 49 49 39 45 58 52 51 55 42 63 114 140 148 153 155 150 145 137 90 37 36 28 40 44 47 44 31 38 33 62 67 92 141 115 88 107 120 137 168 171 166 107 106 214 218 218 218 219 218 218 217 218 216 217 218 217 216 216 217 216 215 218 
255 255 255 255 255 255 255 255 255 255 255 255 255 255 255 254 252 175 175 161 157 140 131 126 89 109 101 116 153 90 52 41 44 97 98 80 54 54 53 62 133 151 153 156 156 155 151 147 124 49 37 24 45 69 85 24 36 20 17 103 186 118 21 48 53 117 125 137 169 171 171 62 75 212 222 220 218 218 218 217 217 216 219 214 220 217 217 216 217 218 217 216 
255 255 255 255 255 255 255 255 255 255 255 255 255 255 255 254 252 184 171 162 156 140 135 129 114 112 115 92 104 123 48 49 45 85 70 58 54 67 57 66 148 150 151 151 153 150 151 152 144 54 33 48 54 65 83 45 25 15 21 81 150 153 54 89 78 108 131 135 168 170 168 62 72 200 219 222 218 219 218 218 218 217 217 216 217 216 217 217 218 215 216 215 
255 255 255 255 255 255 255 255 255 255 255 255 255 255 255 254 252 194 167 163 154 145 141 136 121 115 115 112 108 102 88 87 80 76 82 69 82 76 95 123 146 144 151 151 151 150 152 153 155 119 51 59 53 58 62 56 59 51 55 69 70 76 131 123 97 107 118 129 155 163 167 65 84 205 221 223 219 219 218 220 220 219 218 219 217 218 218 218 216 216 217 219 
255 255 255 255 255 255 255 255 255 255 255 255 255 255 255 254 252 194 167 154 155 149 143 144 131 120 121 105 99 100 90 88 84 80 78 82 84 93 113 136 142 143 149 152 151 150 152 153 154 135 109 57 57 58 50 56 57 58 56 63 76 95 99 91 89 111 119 127 153 160 167 63 88 216 221 219 221 218 220 218 219 221 218 217 219 218 217 216 218 215 219 217 
255 255 255 255 255 255 255 255 255 255 255 255 255 255 255 253 252 191 168 162 165 161 158 155 148 142 143 131 128 127 115 115 111 109 107 102 125 129 135 139 137 151 149 152 156 148 152 150 153 149 145 133 82 80 81 75 68 63 66 77 81 83 94 105 109 129 136 140 152 159 165 76 154 221 219 221 222 219 219 219 220 221 220 218 219 218 219 215 217 217 216 217 
255 255 255 255 255 255 255 255 255 255 255 255 255 255 255 254 252 188 168 166 168 163 162 159 153 150 150 134 135 129 119 123 119 115 117 119 134 135 138 137 150 150 153 156 162 152 151 154 156 148 145 145 117 93 90 89 85 86 93 95 97 100 108 113 121 133 138 137 158 162 163 79 205 219 221 220 221 218 219 220 220 217 219 217 218 218 217 217 217 216 216 215 
255 255 255 255 255 255 255 255 255 253 255 253 255 253 255 253 251 186 174 167 168 166 162 159 156 153 149 137 138 133 132 127 132 124 134 138 136 140 138 143 148 150 151 155 160 154 153 157 159 147 151 145 139 122 106 96 96 98 98 102 105 109 118 124 127 134 138 144 161 161 165 95 201 222 221 221 221 218 218 219 220 218 219 220 219 217 218 218 218 216 218 213 
255 255 255 255 255 255 255 255 255 253 255 255 255 255 255 253 235 185 175 172 173 166 161 161 155 150 149 138 145 148 147 146 149 145 151 148 150 137 137 145 138 136 152 160 161 155 155 158 158 145 144 153 147 145 137 132 123 115 110 110 115 116 125 126 128 140 143 154 165 166 166 135 155 221 219 221 220 220 219 220 219 218 221 219 220 218 219 218 216 217 216 214 
255 255 255 255 255 255 255 255 255 253 255 255 255 255 255 252 231 186 183 172 172 167 162 159 162 153 154 152 147 151 155 152 150 151 150 151 145 134 129 138 139 141 156 155 160 151 160 160 159 143 141 147 146 145 140 136 136 130 125 119 119 120 126 129 131 140 148 155 167 166 165 145 127 223 220 219 221 220 219 220 219 220 219 216 220 218 218 218 218 218 216 214 
255 255 255 255 255 255 255 255 255 255 255 253 255 253 253 252 208 185 183 177 175 167 162 165 159 163 164 155 155 158 152 147 147 154 155 153 140 139 143 143 151 146 162 150 151 150 155 157 160 144 147 140 141 141 140 138 141 139 138 131 133 132 131 131 132 142 146 158 175 174 170 154 123 221 222 220 222 220 220 220 219 216 219 219 218 219 219 219 218 216 218 215 
255 255 255 255 255 255 255 255 255 253 255 253 255 253 253 252 196 189 183 176 171 170 165 163 167 162 163 159 159 159 155 153 153 149 149 144 152 154 150 151 150 155 155 150 150 151 152 161 163 150 149 146 141 136 139 138 137 138 137 136 135 136 135 134 136 142 151 159 176 174 171 155 119 221 221 222 221 220 219 220 219 217 219 218 218 217 218 218 218 219 215 217 
255 255 255 255 254 255 255 255 255 254 255 253 255 255 254 252 190 188 185 178 182 171 171 171 168 163 159 156 160 159 154 154 156 148 144 148 159 154 148 148 148 146 149 136 132 129 135 157 167 156 160 160 169 125 127 135 137 137 140 138 140 142 144 143 143 151 156 167 176 174 171 159 108 222 221 221 221 220 219 221 218 218 221 219 219 218 220 219 216 215 216 216 
255 255 255 255 254 255 254 254 253 253 255 255 255 255 254 252 183 193 185 182 180 173 169 171 168 164 162 161 161 161 155 155 154 144 138 157 145 139 134 143 145 144 144 130 125 120 130 149 152 135 136 129 151 129 124 132 134 137 137 139 143 142 143 147 147 154 158 164 175 174 173 154 111 221 221 220 221 219 219 220 220 218 220 218 219 218 217 218 215 217 216 216 
255 255 255 255 255 255 254 254 254 253 255 253 255 255 254 252 191 193 180 181 178 174 171 170 167 167 166 158 159 158 157 146 143 139 145 137 84 56 45 33 39 101 132 109 101 105 117 104 36 36 58 79 133 122 124 128 134 134 135 140 143 144 148 151 155 164 166 168 176 175 172 133 141 220 220 220 219 220 219 221 222 218 220 217 217 216 216 216 216 214 215 215 
255 255 255 255 255 255 254 254 254 254 255 253 255 255 254 252 176 192 185 184 180 174 171 171 170 166 164 159 154 158 154 145 142 145 149 135 90 88 86 67 63 99 102 102 97 100 130 108 38 74 73 81 119 124 129 127 133 133 137 138 140 142 149 153 155 165 167 169 175 175 172 123 163 220 220 218 219 218 219 220 221 217 220 215 219 218 215 216 214 214 214 215 
255 255 255 255 255 255 254 254 254 254 255 253 255 255 254 252 181 198 188 181 177 175 173 172 167 163 162 160 158 153 154 147 147 148 147 139 106 104 100 107 113 107 108 101 96 106 121 133 124 99 88 96 111 127 133 131 133 132 134 137 138 141 149 152 157 166 168 170 175 177 174 100 204 221 219 219 220 218 220 221 218 218 218 216 215 217 216 215 216 214 214 213 
255 255 255 255 255 255 254 254 254 254 255 253 255 255 254 252 178 193 184 184 180 173 171 167 163 156 161 155 153 152 149 148 152 150 145 140 112 112 92 95 114 119 111 90 89 89 114 129 116 101 99 107 124 128 133 132 131 129 134 137 140 142 148 153 158 164 167 169 173 176 172 76 202 223 219 217 220 217 218 219 219 217 218 215 217 218 215 214 214 215 216 216 
255 255 254 254 255 255 254 254 254 254 255 253 255 253 254 252 204 191 177 180 179 173 171 167 156 160 162 155 156 153 145 148 152 147 147 139 123 113 110 108 102 111 106 83 95 94 93 107 115 111 111 120 125 131 133 137 129 128 131 139 141 142 149 150 155 161 166 168 171 171 165 103 206 222 219 218 219 217 219 218 219 217 218 216 217 215 215 214 216 214 216 214 
255 255 254 254 255 255 254 254 255 254 253 255 253 253 254 252 214 180 185 176 178 170 165 166 163 158 161 152 156 149 146 148 141 145 121 113 107 82 69 51 64 74 83 70 80 81 64 60 55 65 86 103 116 124 126 126 130 128 134 135 140 138 145 149 154 164 165 166 168 170 161 151 220 220 219 216 217 214 218 219 217 217 217 216 216 215 214 214 215 215 216 214 
255 255 255 255 255 255 254 254 255 255 253 255 255 253 254 252 246 182 178 177 171 171 165 160 159 156 160 148 154 151 129 126 126 96 95 104 92 67 56 51 60 87 80 70 78 78 74 50 46 42 48 62 95 111 112 121 120 119 133 136 138 141 143 149 150 164 164 166 167 167 155 183 222 221 219 217 216 216 216 216 216 215 217 214 217 214 214 216 214 215 215 216 
255 255 255 255 255 255 254 254 255 255 255 255 255 255 254 253 251 169 178 176 165 161 163 159 154 152 150 147 145 113 93 68 82 69 70 69 77 67 66 65 90 102 95 69 67 78 79 65 46 42 50 50 57 58 63 69 81 100 103 136 138 138 141 146 147 156 159 163 160 149 130 221 218 219 218 216 216 217 215 216 214 214 215 215 217 216 216 214 211 213 214 214 
255 255 255 255 255 255 255 255 255 255 255 253 255 253 255 254 252 158 180 173 161 161 162 153 154 155 149 149 124 85 72 78 73 68 67 85 96 75 73 88 126 125 104 83 78 84 110 89 54 55 57 56 53 50 46 52 47 64 91 136 138 140 139 145 148 154 157 155 153 143 97 223 220 218 218 217 216 217 215 214 217 213 215 216 215 214 213 214 215 213 217 216 
255 255 255 255 255 255 255 255 255 255 255 255 255 255 255 254 252 154 154 173 168 155 154 151 153 149 147 126 88 80 76 83 88 78 91 109 133 127 105 88 98 94 102 110 88 80 79 78 80 111 108 110 72 62 49 46 42 45 51 125 145 139 143 142 143 147 149 146 148 123 81 219 218 217 216 216 217 215 214 215 215 214 217 217 215 214 214 215 217 216 215 214 
255 255 255 255 255 255 255 255 255 255 255 255 255 255 255 254 253 165 154 171 170 149 153 152 150 149 147 105 91 71 100 86 94 101 107 123 109 89 81 84 91 84 92 89 86 86 71 69 68 80 104 123 87 72 48 50 45 39 59 76 144 143 141 143 143 144 144 144 143 99 110 219 218 218 216 216 217 216 214 214 213 215 214 216 217 216 215 215 215 213 214 214 
255 255 255 255 255 255 255 255 255 255 255 253 255 255 255 255 254 179 151 162 177 151 149 148 149 149 146 104 89 97 90 87 81 108 114 103 74 77 73 83 76 88 79 88 79 75 68 71 73 65 69 86 106 91 71 55 55 66 58 102 120 144 144 145 145 141 140 140 122 83 171 219 217 216 217 216 217 216 215 213 214 215 214 213 216 215 216 214 215 213 213 210 
255 255 255 255 255 255 255 255 255 255 255 255 254 254 255 255 254 247 153 151 169 159 142 149 152 148 144 124 110 103 88 81 63 66 98 107 106 104 95 101 77 70 59 50 55 51 54 60 59 51 56 53 54 52 47 48 62 78 81 99 115 140 147 144 145 128 128 121 86 113 224 220 220 218 217 215 216 216 214 216 215 213 215 213 215 214 214 213 212 212 212 209 
255 255 255 255 255 255 255 255 253 255 255 255 254 254 255 255 254 252 171 143 153 160 152 130 147 149 147 127 108 105 92 87 85 89 111 119 128 122 130 122 120 106 118 83 103 90 98 102 98 104 105 91 87 25 33 45 60 78 79 93 134 133 143 137 141 118 105 123 78 173 221 220 220 218 216 216 218 214 214 215 215 214 213 214 215 211 215 213 211 212 210 209 
254 254 255 255 255 255 254 254 255 254 255 255 255 255 255 255 254 253 232 165 133 155 150 135 140 143 142 133 115 105 114 116 118 119 125 121 117 123 119 125 128 114 121 103 119 112 111 119 114 124 119 112 116 97 87 62 66 75 82 104 135 141 135 128 119 112 104 103 150 223 220 219 219 216 218 216 218 216 214 214 215 211 215 212 212 213 213 212 212 212 212 210 
254 254 255 255 255 255 254 254 255 255 255 255 255 255 255 255 253 254 247 161 134 148 145 141 133 136 132 133 120 105 117 121 124 121 119 124 117 116 120 116 118 113 115 113 115 107 107 101 128 102 107 114 120 125 105 92 75 79 91 110 132 137 130 121 120 109 116 87 222 223 223 221 218 218 218 216 219 216 216 215 214 213 214 212 213 213 213 212 212 212 211 211 
255 255 255 255 255 255 255 255 255 253 253 253 253 253 253 253 254 254 253 228 177 119 119 133 128 131 127 116 108 108 111 120 119 123 119 112 103 107 114 97 100 97 92 87 88 88 89 85 86 95 100 106 112 113 108 100 81 71 79 101 118 120 120 122 120 102 73 73 220 221 222 221 219 218 219 217 219 217 217 216 216 214 216 214 215 215 210 213 214 213 212 212 
255 255 255 255 255 255 255 255 255 253 255 253 253 253 253 253 252 254 254 250 213 115 110 124 125 128 121 119 103 94 104 113 119 117 116 104 96 89 82 85 88 94 85 76 77 79 78 84 74 90 97 101 104 108 104 96 81 77 83 88 98 120 120 120 112 91 95 134 224 224 220 220 219 220 219 218 219 216 216 214 215 216 215 213 214 212 212 212 214 210 211 212 
254 254 255 255 255 255 254 254 255 253 253 252 255 253 253 253 254 254 253 252 251 114 107 105 109 108 102 104 81 85 83 90 95 108 109 99 93 84 69 53 36 33 32 42 44 36 45 50 61 71 81 83 92 88 81 79 65 65 64 87 100 105 106 102 95 73 182 224 221 223 220 218 220 220 221 216 219 216 214 213 216 216 215 213 216 213 214 214 213 209 211 210 
255 255 255 255 255 255 255 255 254 254 254 253 253 254 254 253 253 252 252 242 164 110 98 93 97 96 97 95 84 83 88 79 88 101 101 93 88 83 64 55 50 55 56 55 45 44 58 57 56 69 72 80 80 71 64 66 56 66 60 80 96 104 94 97 83 69 208 222 224 220 222 219 221 221 220 219 221 219 212 214 216 217 216 215 215 214 213 211 213 210 209 208 
254 255 255 255 254 254 254 254 253 253 252 251 235 238 228 227 204 176 190 149 103 131 98 98 88 79 90 76 76 73 69 70 70 88 94 98 91 90 92 90 104 94 91 80 80 85 85 81 82 73 73 74 61 45 46 44 46 47 39 59 69 74 68 49 53 228 221 224 218 221 218 219 220 220 221 218 219 217 218 217 216 217 214 214 211 212 213 213 212 211 213 212 
254 253 254 253 254 252 253 252 242 215 207 192 197 161 146 177 178 170 166 117 102 152 94 85 83 78 77 71 68 61 68 65 68 99 92 103 106 104 101 107 106 95 97 87 90 83 81 81 78 75 72 72 48 43 41 36 36 40 42 53 63 50 54 54 147 226 226 224 221 220 219 219 218 219 219 220 220 217 218 217 218 214 213 211 210 212 213 212 213 210 210 212 
253 253 253 250 253 250 244 237 189 196 187 178 194 137 180 155 155 154 167 120 96 145 121 88 82 79 77 66 72 64 59 64 70 81 100 93 102 112 101 106 99 89 92 75 73 71 82 80 82 75 67 64 43 39 42 29 37 38 49 49 51 51 44 135 210 220 226 223 227 222 221 219 217 218 221 219 220 220 217 217 218 216 214 211 212 213 213 211 211 213 211 210 
204 200 197 196 195 192 188 185 171 178 179 175 167 125 152 156 153 160 124 88 99 132 135 123 82 76 75 61 66 62 68 61 64 88 91 83 86 100 101 98 71 66 72 56 57 63 67 73 78 71 64 50 38 32 28 29 28 34 29 34 47 49 102 215 227 227 225 229 224 222 220 219 217 221 220 222 221 221 220 216 215 215 214 211 210 212 214 214 211 211 213 210 
198 195 196 192 191 190 188 180 175 172 180 174 153 122 148 152 141 153 118 89 88 127 129 117 81 69 78 73 73 63 63 60 64 73 85 74 83 91 87 92 61 64 64 53 58 57 66 75 73 62 60 53 38 34 28 34 26 31 28 33 43 49 104 124 169 230 227 224 226 226 224 222 222 222 222 221 222 219 217 218 217 215 217 214 211 211 213 212 213 209 214 213 
186 184 185 185 184 187 184 183 174 166 165 173 134 115 157 152 131 149 119 88 80 125 131 126 111 109 75 70 71 58 54 59 69 67 68 65 67 65 61 65 52 55 62 46 47 50 54 52 60 48 40 40 39 33 33 38 28 27 30 37 58 111 141 91 139 167 146 141 201 215 221 221 220 220 221 221 221 218 217 216 216 214 213 213 214 212 212 212 211 209 211 209 
184 182 184 181 184 183 179 180 167 160 166 170 123 122 154 153 137 150 125 85 86 121 122 125 120 114 93 60 63 60 51 56 62 63 58 66 58 63 57 58 59 50 66 40 46 45 42 43 50 45 33 36 34 33 36 38 29 30 33 50 108 129 96 139 113 119 144 160 145 145 148 169 184 191 197 216 220 219 216 216 215 215 214 214 216 215 213 213 210 208 209 208 
178 178 181 177 181 183 177 170 153 159 161 167 111 118 150 145 135 142 124 87 84 114 121 123 125 121 115 95 67 62 48 49 51 52 54 50 46 52 39 44 52 42 42 33 31 34 33 36 41 30 31 32 31 28 35 34 23 31 35 117 119 124 14 75 129 144 91 132 105 136 131 131 129 129 130 132 137 134 140 143 141 144 146 152 172 185 197 208 209 209 209 211 
174 175 178 176 176 177 175 169 146 163 160 171 110 112 147 142 127 147 126 76 90 111 115 120 120 121 118 97 100 70 54 49 51 51 42 45 41 44 43 44 45 35 37 41 46 31 29 33 33 35 32 29 31 32 30 28 26 32 73 117 126 128 23 29 116 109 126 140 124 110 134 129 127 129 127 131 132 130 133 134 136 137 142 143 148 152 156 166 174 195 212 211 
172 175 173 171 175 175 172 165 148 160 158 173 104 119 155 151 130 145 138 86 90 100 110 117 118 118 118 104 107 107 90 53 48 50 39 40 42 38 42 35 31 28 29 33 32 32 32 30 29 25 28 31 32 30 33 27 75 89 109 123 132 125 90 36 24 135 121 138 135 107 96 120 122 129 126 124 124 123 127 125 128 129 129 130 136 136 137 142 144 144 152 159 
170 173 172 172 174 169 169 167 142 159 156 169 101 124 151 137 126 137 134 89 93 85 107 114 119 117 117 111 111 104 102 71 60 43 40 41 41 34 33 36 34 26 28 30 28 30 28 26 28 26 28 25 25 32 37 52 94 99 109 122 125 124 101 62 23 126 101 137 140 134 104 128 124 124 125 123 121 124 125 122 126 127 129 130 133 134 134 139 141 141 146 150 
171 172 172 171 173 170 169 161 145 160 155 168 106 117 151 147 122 145 130 93 91 80 105 113 113 117 112 116 109 102 100 98 75 43 44 40 36 36 29 31 29 26 26 27 25 26 26 27 26 27 22 22 26 28 55 71 90 100 109 126 125 124 113 81 43 104 135 107 103 129 112 115 123 123 121 120 121 125 124 120 123 125 126 124 128 129 132 135 136 138 140 143 
167 168 174 169 170 170 163 161 144 156 154 172 96 108 149 135 132 143 148 101 94 79 87 101 114 109 114 110 112 108 102 103 88 78 69 60 34 40 37 24 30 24 29 27 25 28 23 24 21 27 25 38 70 77 81 84 102 111 112 125 123 123 114 108 84 48 107 133 138 96 124 107 104 126 122 120 120 123 122 125 123 123 126 123 124 127 129 131 132 131 133 137 
170 168 172 170 174 169 167 160 143 159 155 175 97 109 143 141 135 139 143 104 102 90 77 97 113 110 107 111 111 111 104 99 100 84 91 82 71 39 44 48 42 33 31 30 31 36 43 49 45 45 55 62 67 84 83 92 103 107 112 119 122 119 112 107 95 38 89 136 132 109 137 107 103 117 122 120 120 124 122 123 125 123 125 124 126 126 123 131 133 131 133 134 
170 171 170 168 172 169 166 150 143 152 146 172 101 108 144 137 137 142 144 116 98 106 93 86 108 108 114 112 110 111 98 99 97 88 88 83 77 78 77 70 72 65 63 62 61 62 68 65 69 77 77 76 76 81 84 95 102 109 116 115 124 117 109 114 115 75 39 112 97 131 96 119 104 102 110 119 118 121 120 123 125 128 125 130 127 128 128 127 128 130 131 130 
167 171 170 170 167 170 157 157 143 154 148 169 95 99 152 139 132 135 145 124 96 111 100 75 101 105 110 113 113 108 106 97 102 89 88 88 82 76 71 79 76 77 68 74 68 75 74 67 76 70 75 73 82 81 88 94 106 108 113 119 121 121 111 112 116 96 43 91 109 115 135 106 129 106 112 119 122 120 125 123 125 126 128 125 129 128 130 128 129 131 133 131 
170 167 171 167 169 170 148 144 152 149 146 167 98 96 152 141 136 128 138 127 99 110 107 104 105 95 96 107 110 106 97 97 97 87 90 84 87 76 80 74 70 72 73 66 67 71 72 69 70 73 78 83 81 85 91 93 104 107 113 117 123 114 109 115 122 114 77 56 147 103 126 125 107 119 96 115 115 118 121 126 126 129 131 125 129 126 127 129 128 125 128 131 
166 167 170 166 169 165 151 146 143 151 141 164 98 87 150 148 132 133 137 144 108 109 113 103 111 105 106 102 113 114 107 99 96 94 84 86 89 85 80 76 71 77 79 70 74 72 73 71 76 77 74 76 77 87 91 96 103 108 119 123 124 111 110 117 119 118 94 41 142 99 113 59 123 118 108 110 119 116 125 126 124 129 126 126 129 125 127 129 129 124 127 125 
166 166 168 168 165 165 149 147 143 151 145 163 99 96 153 146 136 126 136 140 118 121 113 114 101 106 107 104 107 102 106 95 103 97 98 96 95 89 90 75 78 78 71 73 79 78 72 75 77 74 70 75 91 88 94 100 108 112 120 125 122 88 115 120 124 129 106 57 126 127 95 124 69 111 120 108 111 117 124 125 125 129 128 127 126 126 126 127 128 126 127 127 
166 164 164 166 167 159 152 145 143 151 141 157 107 97 154 145 134 125 139 140 126 118 115 120 80 104 113 99 107 109 99 107 102 99 98 96 88 94 89 94 84 84 74 84 82 75 83 79 79 78 83 86 88 92 93 101 105 120 127 123 118 85 119 121 125 137 106 64 128 140 84 140 37 128 114 114 109 119 121 128 128 127 127 129 124 127 121 127 125 126 129 126 
169 166 163 163 168 163 152 141 144 152 150 154 108 83 146 142 136 126 124 136 138 113 120 117 78 105 110 108 104 105 106 104 105 106 96 102 96 93 91 83 86 85 85 81 79 89 85 78 78 75 82 82 89 89 97 105 117 129 126 118 115 83 117 116 128 138 105 79 115 137 107 138 68 113 107 113 114 109 121 122 127 127 131 128 131 129 129 126 128 121 123 119 
162 162 164 165 168 159 145 144 141 154 145 140 115 85 156 137 133 124 122 128 142 109 118 117 118 80 115 110 114 110 108 103 105 96 96 94 100 101 93 90 94 87 84 93 86 89 91 89 89 82 90 86 96 101 107 112 123 122 121 115 115 80 123 122 132 138 108 96 91 139 111 126 142 32 138 117 113 116 113 127 124 129 131 128 130 129 127 125 125 128 127 123 
160 163 165 159 160 158 144 143 138 148 140 140 131 89 156 138 132 121 129 128 139 105 119 122 123 80 110 102 113 110 106 104 106 101 100 102 103 99 94 92 93 88 89 91 89 88 91 90 89 89 91 96 100 103 118 108 123 121 120 116 108 80 123 129 132 140 113 83 94 135 118 110 142 50 95 121 120 116 113 123 125 130 128 130 133 132 130 128 125 123 126 126 
156 160 154 159 161 160 136 143 143 148 139 139 148 92 154 135 141 138 127 128 136 111 122 128 124 122 80 119 119 107 115 110 103 106 106 103 104 92 108 94 97 99 102 91 95 90 87 90 93 99 109 97 106 112 115 116 123 120 121 115 111 76 127 129 131 135 120 99 64 113 123 100 127 113 34 105 117 112 118 118 125 127 126 130 129 131 135 129 124 122 131 128 